/*------------------------------------------------------------------------------------*\
|     __  ______  ____  ______ |                                                       |
|    / / / / __ \/ __ \/ ____/ | HopeFOAM: High Order Parallel Extensible CFD Software |
|   / /_/ / / / / /_/ / __/    |                                                       |
|  / __  / /_/ / ____/ /___    |                                                       |
| /_/ /_/\____/_/   /_____/    | Copyright(c) 2017-2017 The Exercise Group, AMS, China.|
|                              |                                                       |
\*------------------------------------------------------------------------------------*/
FoamFile
{
    version     2.0;
    format      ascii;
    class       vectorField;
    location    "constant/polyMesh";
    object      points;
}
// * * * * * * * * * * * * * * * * * * * * * * * * * * * * * * * * * * * * * //


2028
(
(-0.200000003 -0.200000003 0.02237878462)
(-0.200000003 0.2099999934 0.02237878462)
(2 -0.200000003 0.02237878462)
(-0.02810483897 -0.04135357332 0.02237878462)
(-0.200000003 -0.1743750013 0.02237878462)
(-0.200000003 -0.1487499997 0.02237878462)
(-0.200000003 -0.1231249981 0.02237878462)
(-0.200000003 -0.09749999642 0.02237878462)
(-0.200000003 -0.07187499735 0.02237878462)
(-0.200000003 -0.04624999827 0.02237878462)
(-0.200000003 -0.02062499919 0.02237878462)
(-0.200000003 0.004999999888 0.02237878462)
(-0.200000003 0.03062500036 0.02237878462)
(-0.200000003 0.05625000084 0.02237878462)
(-0.200000003 0.08187500131 0.02237878462)
(-0.200000003 0.1075000018 0.02237878462)
(-0.200000003 0.1331249997 0.02237878462)
(-0.200000003 0.1587499976 0.02237878462)
(-0.200000003 0.1843749955 0.02237878462)
(-0.1656250022 -0.200000003 0.02237878462)
(-0.1312500015 -0.200000003 0.02237878462)
(-0.09687500075 -0.200000003 0.02237878462)
(-0.0625 -0.200000003 0.02237878462)
(-0.02812499925 -0.200000003 0.02237878462)
(0.00625000149 -0.200000003 0.02237878462)
(0.04062500224 -0.200000003 0.02237878462)
(0.07500000298 -0.200000003 0.02237878462)
(0.1093750037 -0.200000003 0.02237878462)
(0.1437500045 -0.200000003 0.02237878462)
(0.1781250052 -0.200000003 0.02237878462)
(0.212500006 -0.200000003 0.02237878462)
(0.246875003 -0.200000003 0.02237878462)
(0.28125 -0.200000003 0.02237878462)
(0.315624997 -0.200000003 0.02237878462)
(0.349999994 -0.200000003 0.02237878462)
(0.3843749985 -0.200000003 0.02237878462)
(0.418750003 -0.200000003 0.02237878462)
(0.4531250075 -0.200000003 0.02237878462)
(0.4875000119 -0.200000003 0.02237878462)
(0.5218750089 -0.200000003 0.02237878462)
(0.556250006 -0.200000003 0.02237878462)
(0.590625003 -0.200000003 0.02237878462)
(0.625 -0.200000003 0.02237878462)
(0.659374997 -0.200000003 0.02237878462)
(0.693749994 -0.200000003 0.02237878462)
(0.7281249911 -0.200000003 0.02237878462)
(0.7624999881 -0.200000003 0.02237878462)
(0.7968749851 -0.200000003 0.02237878462)
(0.8312499821 -0.200000003 0.02237878462)
(0.8656249791 -0.200000003 0.02237878462)
(0.8999999762 -0.200000003 0.02237878462)
(0.9343749881 -0.200000003 0.02237878462)
(0.96875 -0.200000003 0.02237878462)
(1.003125012 -0.200000003 0.02237878462)
(1.037500024 -0.200000003 0.02237878462)
(1.071875006 -0.200000003 0.02237878462)
(1.106249988 -0.200000003 0.02237878462)
(1.14062497 -0.200000003 0.02237878462)
(1.174999952 -0.200000003 0.02237878462)
(1.209374964 -0.200000003 0.02237878462)
(1.243749976 -0.200000003 0.02237878462)
(1.278124988 -0.200000003 0.02237878462)
(1.3125 -0.200000003 0.02237878462)
(1.346875012 -0.200000003 0.02237878462)
(1.381250024 -0.200000003 0.02237878462)
(1.415625036 -0.200000003 0.02237878462)
(1.450000048 -0.200000003 0.02237878462)
(1.48437503 -0.200000003 0.02237878462)
(1.518750012 -0.200000003 0.02237878462)
(1.553124994 -0.200000003 0.02237878462)
(1.587499976 -0.200000003 0.02237878462)
(1.621874988 -0.200000003 0.02237878462)
(1.65625 -0.200000003 0.02237878462)
(1.690625012 -0.200000003 0.02237878462)
(1.725000024 -0.200000003 0.02237878462)
(1.762500018 -0.200000003 0.02237878462)
(1.800000012 -0.200000003 0.02237878462)
(1.837500006 -0.200000003 0.02237878462)
(1.875 -0.200000003 0.02237878462)
(1.90625 -0.200000003 0.02237878462)
(1.9375 -0.200000003 0.02237878462)
(1.96875 -0.200000003 0.02237878462)
(2 0.2099999934 0.02237878462)
(-0.1656250022 0.2099999934 0.02237878462)
(-0.1312500015 0.2099999934 0.02237878462)
(-0.09687500075 0.2099999934 0.02237878462)
(-0.0625 0.2099999934 0.02237878462)
(-0.02812499925 0.2099999934 0.02237878462)
(0.00625000149 0.2099999934 0.02237878462)
(0.04062500224 0.2099999934 0.02237878462)
(0.07500000298 0.2099999934 0.02237878462)
(0.1093750037 0.2099999934 0.02237878462)
(0.1437500045 0.2099999934 0.02237878462)
(0.1781250052 0.2099999934 0.02237878462)
(0.212500006 0.2099999934 0.02237878462)
(0.246875003 0.2099999934 0.02237878462)
(0.28125 0.2099999934 0.02237878462)
(0.315624997 0.2099999934 0.02237878462)
(0.349999994 0.2099999934 0.02237878462)
(0.3843749985 0.2099999934 0.02237878462)
(0.418750003 0.2099999934 0.02237878462)
(0.4531250075 0.2099999934 0.02237878462)
(0.4875000119 0.2099999934 0.02237878462)
(0.5218750089 0.2099999934 0.02237878462)
(0.556250006 0.2099999934 0.02237878462)
(0.590625003 0.2099999934 0.02237878462)
(0.625 0.2099999934 0.02237878462)
(0.659374997 0.2099999934 0.02237878462)
(0.693749994 0.2099999934 0.02237878462)
(0.7281249911 0.2099999934 0.02237878462)
(0.7624999881 0.2099999934 0.02237878462)
(0.7968749851 0.2099999934 0.02237878462)
(0.8312499821 0.2099999934 0.02237878462)
(0.8656249791 0.2099999934 0.02237878462)
(0.8999999762 0.2099999934 0.02237878462)
(0.9343749881 0.2099999934 0.02237878462)
(0.96875 0.2099999934 0.02237878462)
(1.003125012 0.2099999934 0.02237878462)
(1.037500024 0.2099999934 0.02237878462)
(1.071875006 0.2099999934 0.02237878462)
(1.106249988 0.2099999934 0.02237878462)
(1.14062497 0.2099999934 0.02237878462)
(1.174999952 0.2099999934 0.02237878462)
(1.209374964 0.2099999934 0.02237878462)
(1.243749976 0.2099999934 0.02237878462)
(1.278124988 0.2099999934 0.02237878462)
(1.3125 0.2099999934 0.02237878462)
(1.346875012 0.2099999934 0.02237878462)
(1.381250024 0.2099999934 0.02237878462)
(1.415625036 0.2099999934 0.02237878462)
(1.450000048 0.2099999934 0.02237878462)
(1.48437503 0.2099999934 0.02237878462)
(1.518750012 0.2099999934 0.02237878462)
(1.553124994 0.2099999934 0.02237878462)
(1.587499976 0.2099999934 0.02237878462)
(1.621874988 0.2099999934 0.02237878462)
(1.65625 0.2099999934 0.02237878462)
(1.690625012 0.2099999934 0.02237878462)
(1.725000024 0.2099999934 0.02237878462)
(1.762500018 0.2099999934 0.02237878462)
(1.800000012 0.2099999934 0.02237878462)
(1.837500006 0.2099999934 0.02237878462)
(1.875 0.2099999934 0.02237878462)
(1.90625 0.2099999934 0.02237878462)
(1.9375 0.2099999934 0.02237878462)
(1.96875 0.2099999934 0.02237878462)
(2 0.1787499953 0.02237878462)
(2 0.1474999972 0.02237878462)
(2 0.116249999 0.02237878462)
(2 0.08500000089 0.02237878462)
(2 0.05375000089 0.02237878462)
(2 0.02250000089 0.02237878462)
(2 -0.008749999106 0.02237878462)
(2 -0.03999999911 0.02237878462)
(2 -0.08000000007 0.02237878462)
(2 -0.120000001 0.02237878462)
(2 -0.160000002 0.02237878462)
(0.05 0 0.02237878462)
(0.04911451238 -0.009368280197 0.02237878462)
(0.04619397419 -0.0191341775 0.02237878462)
(0.04135357199 -0.02810484094 0.02237878462)
(0.03535532974 -0.03535534837 0.02237878462)
(0.02810482183 -0.04135358497 0.02237878462)
(0.01913416001 -0.04619398143 0.02237878462)
(0.009368265692 -0.04911451515 0.02237878462)
(-1.151922984e-08 -0.05 0.02237878462)
(-0.009368287127 -0.04911451106 0.02237878462)
(-0.01913417937 -0.04619397341 0.02237878462)
(-0.05 7.679489818e-09 0.02237878462)
(-0.03535534465 -0.03535533347 0.02237878462)
(-0.04135358262 -0.02810482528 0.02237878462)
(-0.04619398011 -0.01913416321 0.02237878462)
(-0.04911451451 -0.009368269 0.02237878462)
(-0.04911451162 0.009368284182 0.02237878462)
(-0.04619397415 0.0191341776 0.02237878462)
(-0.0413535738 0.02810483827 0.02237878462)
(-0.03535533347 0.03535534465 0.02237878462)
(-0.02810482598 0.04135358215 0.02237878462)
(-0.01913416498 0.04619397937 0.02237878462)
(-0.009368271945 0.04911451395 0.02237878462)
(3.839744908e-09 0.05 0.02237878462)
(0.009368280692 0.04911451228 0.02237878462)
(0.01913417368 0.04619397577 0.02237878462)
(0.02810483345 0.04135357707 0.02237878462)
(0.03535533906 0.03535533906 0.02237878462)
(0.04135357755 0.02810483275 0.02237878462)
(0.0461939765 0.01913417191 0.02237878462)
(0.04911451285 0.009368277747 0.02237878462)
(0.173870787 0.07201962918 0.02237878462)
(0.168450579 -0.06977453828 0.02237878462)
(0.05118973181 0.1235829368 0.02237878462)
(-0.05070060864 0.1224021018 0.02237878462)
(-0.1234499812 -0.05113464594 0.02237878462)
(-0.1233798116 0.05110562593 0.02237878462)
(0.04932716861 -0.1190864146 0.02237878462)
(-0.04875548184 -0.117706053 0.02237878462)
(0.1070832312 0.0443553254 0.02237878462)
(0.1043218002 -0.04321151972 0.02237878462)
(0.3684860468 0.004999999888 0.02237878462)
(1.3125 0.004999999888 0.02237878462)
(0.7624999881 0.004999999888 0.02237878462)
(1.037500024 0.004999999888 0.02237878462)
(1.534068227 0.004999999888 0.02237878462)
(0.5654930472 -0.01147398073 0.02237878462)
(0.5562499762 0.109740831 0.02237878462)
(0.2928755879 0.1015152559 0.02237878462)
(0.2904903293 -0.09130016714 0.02237878462)
(0.8999999762 0.06138719618 0.02237878462)
(0.8732841015 -0.0693064034 0.02237878462)
(1.174999952 -0.05138719454 0.02237878462)
(1.201715946 0.07930640131 0.02237878462)
(1.423284054 -0.0693064034 0.02237878462)
(1.799999952 0.0162499994 0.02237878462)
(1.799999952 -0.10488078 0.02237878462)
(1.658548713 -0.07047647983 0.02237878462)
(1.66264236 0.07666379958 0.02237878462)
(0.4606947005 -0.07851485163 0.02237878462)
(1.423284054 0.07930640131 0.02237878462)
(0.6705793142 -0.08195869625 0.02237878462)
(0.9849609733 -0.09749999642 0.02237878462)
(1.090039015 0.1075000018 0.02237878462)
(1.884811044 0.09481104463 0.02237878462)
(1.842405498 0.05553052202 0.02237878462)
(1.942405522 0.02740552276 0.02237878462)
(1.899999976 -0.01187499985 0.02237878462)
(1.879905522 0.152405519 0.02237878462)
(1.804905534 0.152405519 0.02237878462)
(0.9950194955 0.08444359899 0.02237878462)
(0.96875 0.1356935948 0.02237878462)
(1.063769519 0.1587499976 0.02237878462)
(1.145877481 0.09340320155 0.02237878462)
(1.132519484 0.1587499976 0.02237878462)
(1.188357949 0.1446531974 0.02237878462)
(1.011230499 -0.1487499997 0.02237878462)
(1.079980463 -0.07444359548 0.02237878462)
(1.106249988 -0.1256935988 0.02237878462)
(0.9291225374 -0.08340319991 0.02237878462)
(0.9424804747 -0.1487499997 0.02237878462)
(0.8866420388 -0.1346532032 0.02237878462)
(0.6180361807 -0.04671633849 0.02237878462)
(0.6639965177 -0.003236990422 0.02237878462)
(0.7165396512 -0.03847934818 0.02237878462)
(0.7165396512 -0.1409793496 0.02237878462)
(0.6477896571 -0.1409793496 0.02237878462)
(1.436642051 0.1446531974 0.02237878462)
(1.367892027 0.1446531974 0.02237878462)
(1.47867614 0.0421532006 0.02237878462)
(1.505392015 0.1446531974 0.02237878462)
(1.560784101 0.1074999967 0.02237878462)
(0.5428473502 -0.1392574273 0.02237878462)
(0.4740973562 -0.1392574273 0.02237878462)
(0.3755925149 -0.08490750939 0.02237878462)
(0.329488188 -0.04315008363 0.02237878462)
(0.4145903736 -0.03675742587 0.02237878462)
(1.693821192 0.1433318965 0.02237878462)
(1.625071168 0.1433318965 0.02237878462)
(1.660595536 0.003093659878 0.02237878462)
(1.731321156 0.04645689949 0.02237878462)
(1.729274333 -0.02711324021 0.02237878462)
(1.560784101 -0.09750000155 0.02237878462)
(1.59630847 -0.03273823997 0.02237878462)
(1.623024344 -0.1352382414 0.02237878462)
(1.799999952 -0.04431539029 0.02237878462)
(1.729274333 -0.0876786299 0.02237878462)
(1.762499988 0.1131249964 0.02237878462)
(1.942405522 0.152405519 0.02237878462)
(1.942405522 0.08990552276 0.02237878462)
(1.837499976 -0.1524403915 0.02237878462)
(1.762499988 -0.1524403915 0.02237878462)
(1.598355293 0.04083189974 0.02237878462)
(1.691774368 -0.1352382414 0.02237878462)
(1.47867614 -0.03215320176 0.02237878462)
(1.505392015 -0.1346532032 0.02237878462)
(1.367892027 -0.03215320176 0.02237878462)
(1.367892027 -0.1346532032 0.02237878462)
(1.3125 -0.09750000155 0.02237878462)
(1.3125 0.1074999967 0.02237878462)
(1.257107973 0.0421532006 0.02237878462)
(1.257107973 0.1446531974 0.02237878462)
(1.106249988 -0.02319359733 0.02237878462)
(1.011230499 -0.04624999827 0.02237878462)
(1.174999952 -0.1256935988 0.02237878462)
(1.243749976 -0.02319359733 0.02237878462)
(1.188357949 0.01395960338 0.02237878462)
(0.7624999881 -0.09750000155 0.02237878462)
(0.8178920448 -0.03215320176 0.02237878462)
(0.8178920448 -0.1346532032 0.02237878462)
(0.8866420388 -0.003959603608 0.02237878462)
(0.8312499821 0.03319359804 0.02237878462)
(0.8999999762 0.1356935948 0.02237878462)
(0.7624999881 0.1074999967 0.02237878462)
(0.693749994 0.1074999967 0.02237878462)
(1.436642051 -0.1346532032 0.02237878462)
(0.8312499821 0.1356935948 0.02237878462)
(0.1904752925 -0.1348872706 0.02237878462)
(0.2294704542 -0.08053735271 0.02237878462)
(0.2514951676 -0.1456500851 0.02237878462)
(0.2916829586 0.005107544363 0.02237878462)
(0.3306808174 0.05325762788 0.02237878462)
(0.2321805581 -0.009640268981 0.02237878462)
(0.171160683 0.001122545451 0.02237878462)
(0.321437791 0.1557576247 0.02237878462)
(0.252687797 0.1557576247 0.02237878462)
(0.5608715117 0.04913342511 0.02237878462)
(0.6593749821 0.05737041542 0.02237878462)
(0.4623680115 0.05737041542 0.02237878462)
(0.4279930294 0.1074999967 0.02237878462)
(0.521874994 0.1598704122 0.02237878462)
(0.5130938739 -0.04499441618 0.02237878462)
(0.466989547 -0.003236990422 0.02237878462)
(0.3592430204 0.1074999967 0.02237878462)
(0.4053473473 -0.1392574273 0.02237878462)
(0.5906249881 0.1598704122 0.02237878462)
(1.899999976 -0.07244038954 0.02237878462)
(1.9375 -0.120000001 0.02237878462)
(1.243749976 -0.1256935988 0.02237878462)
(0.96875 0.03319359804 0.02237878462)
(0.9424804747 -0.01805640012 0.02237878462)
(1.132519484 0.02805640362 0.02237878462)
(0.5952465236 -0.1057369919 0.02237878462)
(1.423284054 0.004999998957 0.02237878462)
(1.367892027 0.0421532006 0.02237878462)
(1.063769519 0.05625000084 0.02237878462)
(0.1363861896 -0.056493029 0.02237878462)
(0.1057025157 0.0005719028413 0.02237878462)
(0.1377669051 -0.01270960644 0.02237878462)
(0.07682448439 -0.08114896715 0.02237878462)
(0.04234124906 -0.07722088136 0.02237878462)
(0.06983856484 -0.03928343393 0.02237878462)
(0.1125302594 0.097801283 0.02237878462)
(0.1404770091 0.05818747729 0.02237878462)
(0.07913648151 0.08396913111 0.02237878462)
(0.07716090046 -0.02160575986 0.02237878462)
(0.07854161598 0.0221776627 0.02237878462)
(-0.006586415693 -0.1595432088 0.02237878462)
(-0.05562774092 -0.158853028 0.02237878462)
(0.0002858433872 -0.1183962338 0.02237878462)
(-0.08610273153 -0.08442034945 0.02237878462)
(-0.07940266095 -0.04324498773 0.02237878462)
(-0.04205541126 -0.07653069124 0.02237878462)
(0.121725291 -0.1348872706 0.02237878462)
(0.0621635858 -0.1595432088 0.02237878462)
(0.1088888738 -0.09443047643 0.02237878462)
(-0.02437774668 -0.08385302685 0.02237878462)
(0.02466357855 -0.08454320766 0.02237878462)
(-0.1616899073 0.07930281386 0.02237878462)
(-0.1616899073 0.02805281291 0.02237878462)
(-0.07936757058 0.04323048331 0.02237878462)
(-0.08704021014 0.08675386384 0.02237878462)
(-0.04302796908 0.07887872122 0.02237878462)
(-0.1243777424 -0.1076030247 0.02237878462)
(-0.1312500015 -0.1487499997 0.02237878462)
(-0.08668990619 0.0255528168 0.02237878462)
(-0.08672499098 -0.02556731913 0.02237878462)
(-0.1234148964 -1.451000571e-05 0.02237878462)
(-0.1253503058 0.1149510518 0.02237878462)
(-0.1617249921 -0.02306732303 0.02237878462)
(-0.1312500015 0.1587499976 0.02237878462)
(0.06309486739 0.1667914651 0.02237878462)
(-0.005655134097 0.1667914651 0.02237878462)
(0.04327253625 0.07946913876 0.02237878462)
(0.07121928595 0.03985533305 0.02237878462)
(-0.05660030432 0.1662010476 0.02237878462)
(0.3202451617 -0.1456500851 0.02237878462)
(0.1931853965 0.1410098113 0.02237878462)
(0.2333731875 0.08676744252 0.02237878462)
(-0.0253503024 0.08620105125 0.02237878462)
(0.02559486782 0.08679146878 0.02237878462)
(0.0002445615828 0.1229925193 0.02237878462)
(0.124435395 0.1410098113 0.02237878462)
(-0.1617249921 -0.07431732118 0.02237878462)
(1.921202749 0.007765261456 0.02237878462)
(1.971202761 -0.006297238171 0.02237878462)
(1.949999988 -0.02593749948 0.02237878462)
(1.89240551 0.04146802239 0.02237878462)
(1.871202737 0.02182776108 0.02237878462)
(1.863608271 0.07517078333 0.02237878462)
(1.913608283 0.0611082837 0.02237878462)
(1.821202725 0.03589026071 0.02237878462)
(1.849999964 0.002187499776 0.02237878462)
(1.842405528 0.152405519 0.02237878462)
(1.882358283 0.1236082818 0.02237878462)
(1.844858289 0.1236082818 0.02237878462)
(1.839952767 0.1812027562 0.02237878462)
(1.802452773 0.1812027562 0.02237878462)
(1.877452761 0.1812027562 0.02237878462)
(1.764952779 0.1812027562 0.02237878462)
(1.01625976 0.1472217962 0.02237878462)
(1.003125012 0.1728467941 0.02237878462)
(1.050634772 0.1843749955 0.02237878462)
(0.9818847477 0.1100685969 0.02237878462)
(1.029394507 0.1215967983 0.02237878462)
(0.9475097358 0.07291539758 0.02237878462)
(0.9343749881 0.0985403955 0.02237878462)
(1.042529255 0.09597180039 0.02237878462)
(1.076904267 0.1331249997 0.02237878462)
(1.160438716 0.1517015975 0.02237878462)
(1.153759718 0.1843749955 0.02237878462)
(1.181678951 0.1773265954 0.02237878462)
(1.139198482 0.1260765996 0.02237878462)
(1.167117715 0.1190281995 0.02237878462)
(1.117958248 0.1004516017 0.02237878462)
(1.111279249 0.1331249997 0.02237878462)
(1.173796713 0.08635480143 0.02237878462)
(1.195036948 0.1119797993 0.02237878462)
(1.093115225 -0.1000685971 0.02237878462)
(1.127490208 -0.06291539501 0.02237878462)
(1.14062497 -0.08854039665 0.02237878462)
(1.045605481 -0.1115967976 0.02237878462)
(1.058740243 -0.1372217992 0.02237878462)
(0.9980957359 -0.1231249981 0.02237878462)
(1.032470718 -0.08597179595 0.02237878462)
(1.024365261 -0.1743750013 0.02237878462)
(1.071875006 -0.1628468009 0.02237878462)
(0.9145612568 -0.1417016014 0.02237878462)
(0.9212402254 -0.1743750013 0.02237878462)
(0.8933210075 -0.1673266031 0.02237878462)
(0.935801506 -0.1160765998 0.02237878462)
(0.9078822881 -0.1090282016 0.02237878462)
(0.9570417553 -0.09045159817 0.02237878462)
(0.963720724 -0.1231249981 0.02237878462)
(0.9012033194 -0.07635480165 0.02237878462)
(0.8799630702 -0.1019798033 0.02237878462)
(0.6902680844 -0.0208581693 0.02237878462)
(0.7132482529 0.0008815047331 0.02237878462)
(0.7395198196 -0.01673967415 0.02237878462)
(0.6410163492 -0.02497666446 0.02237878462)
(0.6672879159 -0.04259784333 0.02237878462)
(0.591764614 -0.02909515961 0.02237878462)
(0.6147447824 -0.007355485577 0.02237878462)
(0.6443077475 -0.06433751737 0.02237878462)
(0.6935594827 -0.06021902221 0.02237878462)
(0.6821646541 -0.1409793496 0.02237878462)
(0.6935594827 -0.1114690229 0.02237878462)
(0.6591844857 -0.1114690229 0.02237878462)
(0.7051448226 -0.1704896763 0.02237878462)
(0.6707698256 -0.1704896763 0.02237878462)
(0.7395198196 -0.1704896763 0.02237878462)
(0.6363948286 -0.1704896763 0.02237878462)
(1.402267039 0.1446531974 0.02237878462)
(1.429963052 0.1119797993 0.02237878462)
(1.39558804 0.1119797993 0.02237878462)
(1.408946037 0.1773265954 0.02237878462)
(1.374571025 0.1773265954 0.02237878462)
(1.443321049 0.1773265954 0.02237878462)
(1.340196013 0.1773265954 0.02237878462)
(1.533088058 0.126076597 0.02237878462)
(1.546445996 0.1773265954 0.02237878462)
(1.574142039 0.1587499951 0.02237878462)
(1.492034078 0.09340319899 0.02237878462)
(1.519730121 0.07482659863 0.02237878462)
(1.450980097 0.06072980096 0.02237878462)
(1.464338034 0.1119797993 0.02237878462)
(1.506372184 0.02357660024 0.02237878462)
(1.547426164 0.05624999828 0.02237878462)
(0.5084723532 -0.1392574273 0.02237878462)
(0.5017710254 -0.1088861395 0.02237878462)
(0.4673960283 -0.1088861395 0.02237878462)
(0.5495486781 -0.1696287151 0.02237878462)
(0.5151736811 -0.1696287151 0.02237878462)
(0.5839236751 -0.1696287151 0.02237878462)
(0.4807986841 -0.1696287151 0.02237878462)
(0.3720392808 -0.03995375475 0.02237878462)
(0.3489871174 -0.01907504187 0.02237878462)
(0.3915382102 -0.01587871299 0.02237878462)
(0.3525403515 -0.06402879651 0.02237878462)
(0.3950914443 -0.06083246763 0.02237878462)
(0.3330414221 -0.08810383826 0.02237878462)
(0.3099892586 -0.06722512539 0.02237878462)
(0.4181436077 -0.08171118051 0.02237878462)
(0.4376425371 -0.05763613875 0.02237878462)
(1.65944618 0.1433318965 0.02237878462)
(1.678231776 0.109997848 0.02237878462)
(1.643856764 0.109997848 0.02237878462)
(1.675035596 0.176665945 0.02237878462)
(1.640660584 0.176665945 0.02237878462)
(1.709410608 0.176665945 0.02237878462)
(1.606285572 0.176665945 0.02237878462)
(1.730297744 0.009671829641 0.02237878462)
(1.765660554 0.03135344945 0.02237878462)
(1.764637142 -0.005431620404 0.02237878462)
(1.695958346 0.02477527969 0.02237878462)
(1.694934934 -0.01200979017 0.02237878462)
(1.661618948 0.03987872973 0.02237878462)
(1.696981758 0.06156034954 0.02237878462)
(1.659572124 -0.03369140998 0.02237878462)
(1.693911523 -0.04879486002 0.02237878462)
(1.609666407 -0.08398824069 0.02237878462)
(1.627428591 -0.0516073599 0.02237878462)
(1.640786529 -0.1028573606 0.02237878462)
(1.578546286 -0.06511912076 0.02237878462)
(1.591904223 -0.1163691215 0.02237878462)
(1.547426164 -0.04625000083 0.02237878462)
(1.565188348 -0.01386912004 0.02237878462)
(1.574142039 -0.1487500023 0.02237878462)
(1.60526216 -0.1676191222 0.02237878462)
(1.729274333 -0.05739593506 0.02237878462)
(1.693911523 -0.07907755487 0.02237878462)
(1.764637142 -0.0659970101 0.02237878462)
(1.764637142 -0.03571431525 0.02237878462)
(1.799999952 -0.07459808514 0.02237878462)
(1.764637142 -0.09627970494 0.02237878462)
(1.799999952 -0.01403269544 0.02237878462)
(1.712571174 0.094894398 0.02237878462)
(1.746910572 0.07979094796 0.02237878462)
(1.72816059 0.1282284465 0.02237878462)
(1.78124997 0.06468749791 0.02237878462)
(1.743750006 0.1615624949 0.02237878462)
(1.911155522 0.152405519 0.02237878462)
(1.913608283 0.1236082818 0.02237878462)
(1.939952761 0.1812027562 0.02237878462)
(1.908702761 0.1812027562 0.02237878462)
(1.971202761 0.1812027562 0.02237878462)
(1.942405522 0.05865552276 0.02237878462)
(1.913608283 0.0923582837 0.02237878462)
(1.971202761 0.02495276183 0.02237878462)
(1.971202761 0.05620276183 0.02237878462)
(1.971202761 0.08745276183 0.02237878462)
(1.799999982 -0.1524403915 0.02237878462)
(1.818749964 -0.1286605857 0.02237878462)
(1.78124997 -0.1286605857 0.02237878462)
(1.818749994 -0.1762201972 0.02237878462)
(1.78125 -0.1762201972 0.02237878462)
(1.856249988 -0.1762201972 0.02237878462)
(1.743750006 -0.1762201972 0.02237878462)
(1.628452003 -0.01482229005 0.02237878462)
(1.629475415 0.02196277981 0.02237878462)
(1.597331882 0.004046829883 0.02237878462)
(1.630498827 0.05874784966 0.02237878462)
(1.56621176 0.02291594981 0.02237878462)
(1.471017033 0.1446531974 0.02237878462)
(1.512071013 0.1773265954 0.02237878462)
(1.477696031 0.1773265954 0.02237878462)
(1.657399356 -0.1352382414 0.02237878462)
(1.675161541 -0.1028573606 0.02237878462)
(1.674012184 -0.1676191222 0.02237878462)
(1.639637172 -0.1676191222 0.02237878462)
(1.708387196 -0.1676191222 0.02237878462)
(1.74588716 -0.1200595107 0.02237878462)
(1.727137178 -0.1438393164 0.02237878462)
(1.71052435 -0.1114584357 0.02237878462)
(1.533088058 -0.1160766024 0.02237878462)
(1.546445996 -0.1673266031 0.02237878462)
(1.519730121 -0.06482660165 0.02237878462)
(1.492034078 -0.08340320247 0.02237878462)
(1.506372184 -0.01357660093 0.02237878462)
(1.450980097 -0.05072980258 0.02237878462)
(1.464338034 -0.1019798033 0.02237878462)
(1.340196013 -0.1160766024 0.02237878462)
(1.340196013 -0.1673266031 0.02237878462)
(1.3125 -0.1487500023 0.02237878462)
(1.367892027 -0.08340320247 0.02237878462)
(1.340196013 -0.06482660165 0.02237878462)
(1.39558804 -0.05072980258 0.02237878462)
(1.39558804 -0.1019798033 0.02237878462)
(1.340196013 -0.01357660093 0.02237878462)
(1.3125 -0.04625000083 0.02237878462)
(1.098144501 0.1587499976 0.02237878462)
(1.119384736 0.1843749955 0.02237878462)
(1.085009754 0.1843749955 0.02237878462)
(1.257107973 0.09340319899 0.02237878462)
(1.22941196 0.06072980096 0.02237878462)
(1.22941196 0.1119797993 0.02237878462)
(1.284803987 0.07482659863 0.02237878462)
(1.284803987 0.126076597 0.02237878462)
(1.3125 0.05624999828 0.02237878462)
(1.284803987 0.02357660024 0.02237878462)
(1.3125 0.1587499951 0.02237878462)
(1.284803987 0.1773265954 0.02237878462)
(1.045605481 -0.06034679688 0.02237878462)
(0.9980957359 -0.07187499735 0.02237878462)
(1.093115225 -0.04881859641 0.02237878462)
(1.058740243 -0.0347217978 0.02237878462)
(1.14062497 -0.03729039594 0.02237878462)
(1.071875006 -0.00909679872 0.02237878462)
(1.024365261 -0.02062499919 0.02237878462)
(1.14062497 -0.1256935988 0.02237878462)
(1.174999952 -0.08854039665 0.02237878462)
(1.14062497 -0.1628468009 0.02237878462)
(1.106249988 -0.1628468009 0.02237878462)
(1.174999952 -0.1628468009 0.02237878462)
(0.9768554866 -0.1487499997 0.02237878462)
(0.9899902493 -0.1743750013 0.02237878462)
(0.9556152374 -0.1743750013 0.02237878462)
(1.222732961 0.02805640199 0.02237878462)
(1.195036948 0.04663300235 0.02237878462)
(1.216053963 -0.004616996972 0.02237878462)
(1.250428975 0.009479801636 0.02237878462)
(1.209374964 -0.03729039594 0.02237878462)
(1.181678951 -0.01871379558 0.02237878462)
(1.278124988 -0.00909679872 0.02237878462)
(0.8178920448 -0.08340320247 0.02237878462)
(0.8455880731 -0.05072980258 0.02237878462)
(0.8455880731 -0.1019798033 0.02237878462)
(0.7901960164 -0.06482660165 0.02237878462)
(0.7901960164 -0.1160766024 0.02237878462)
(0.7624999881 -0.04625000083 0.02237878462)
(0.7901960164 -0.01357660093 0.02237878462)
(0.7624999881 -0.1487500023 0.02237878462)
(0.7901960164 -0.1673266031 0.02237878462)
(0.8245710135 0.0005201981403 0.02237878462)
(0.7968749851 0.01909679896 0.02237878462)
(0.8522670418 -0.01805640268 0.02237878462)
(0.8589460105 0.01461699721 0.02237878462)
(0.8799630702 -0.0366330035 0.02237878462)
(0.8933210075 0.02871379629 0.02237878462)
(0.8656249791 0.04729039711 0.02237878462)
(0.9343749881 0.1356935948 0.02237878462)
(0.8999999762 0.0985403955 0.02237878462)
(0.96875 0.1728467941 0.02237878462)
(0.9343749881 0.1728467941 0.02237878462)
(0.8999999762 0.1728467941 0.02237878462)
(0.7281249911 0.1074999967 0.02237878462)
(0.7624999881 0.05624999828 0.02237878462)
(0.7281249911 0.05624999828 0.02237878462)
(0.7281249911 0.1587499951 0.02237878462)
(0.693749994 0.1587499951 0.02237878462)
(0.7624999881 0.1587499951 0.02237878462)
(0.659374997 0.1587499951 0.02237878462)
(0.8522670418 -0.1346532032 0.02237878462)
(0.8589460105 -0.1673266031 0.02237878462)
(0.8245710135 -0.1673266031 0.02237878462)
(1.222732961 0.1446531974 0.02237878462)
(1.250428975 0.1773265954 0.02237878462)
(1.216053963 0.1773265954 0.02237878462)
(1.402267039 -0.1346532032 0.02237878462)
(1.429963052 -0.1019798033 0.02237878462)
(1.408946037 -0.1673266031 0.02237878462)
(1.374571025 -0.1673266031 0.02237878462)
(1.443321049 -0.1673266031 0.02237878462)
(0.8656249791 0.1356935948 0.02237878462)
(0.8656249791 0.0985403955 0.02237878462)
(0.8656249791 0.1728467941 0.02237878462)
(0.8312499821 0.1728467941 0.02237878462)
(0.7968749851 0.1728467941 0.02237878462)
(0.2404828109 -0.1130937189 0.02237878462)
(0.2599803917 -0.08591875993 0.02237878462)
(0.2709927484 -0.1184751261 0.02237878462)
(0.2099728733 -0.1077123117 0.02237878462)
(0.2209852301 -0.1402686778 0.02237878462)
(0.1794629358 -0.1023309045 0.02237878462)
(0.1989605166 -0.07515594549 0.02237878462)
(0.2014876492 -0.1674436368 0.02237878462)
(0.2319975868 -0.172825044 0.02237878462)
(0.3300845027 0.005053772125 0.02237878462)
(0.3495834321 0.02912881388 0.02237878462)
(0.311181888 0.02918258612 0.02237878462)
(0.3105855733 -0.01902126963 0.02237878462)
(0.2922792733 0.05331140012 0.02237878462)
(0.3117782027 0.07738644187 0.02237878462)
(0.2910866439 -0.04309631139 0.02237878462)
(0.2003155686 -0.03970740363 0.02237878462)
(0.169805631 -0.03432599641 0.02237878462)
(0.2308255062 -0.04508881085 0.02237878462)
(0.2016706206 -0.004258861765 0.02237878462)
(0.2613354437 -0.05047021806 0.02237878462)
(0.2030256726 0.0311896801 0.02237878462)
(0.172515735 0.03657108732 0.02237878462)
(0.287062794 0.1557576247 0.02237878462)
(0.3071566895 0.1286364403 0.02237878462)
(0.2727816924 0.1286364403 0.02237878462)
(0.3013438955 0.182878809 0.02237878462)
(0.2669688985 0.182878809 0.02237878462)
(0.3357188925 0.182878809 0.02237878462)
(0.2325939015 0.182878809 0.02237878462)
(0.6616857499 0.0270667125 0.02237878462)
(0.7109374851 0.03118520766 0.02237878462)
(0.6101232469 0.05325192027 0.02237878462)
(0.6124340147 0.02294821735 0.02237878462)
(0.5585607439 0.07943712804 0.02237878462)
(0.6078124791 0.08355562319 0.02237878462)
(0.5631822795 0.01882972219 0.02237878462)
(0.4749340117 0.1336852044 0.02237878462)
(0.4577465206 0.1587499951 0.02237878462)
(0.504687503 0.1849352028 0.02237878462)
(0.4451805204 0.08243520604 0.02237878462)
(0.4921215028 0.1086204138 0.02237878462)
(0.4154270291 0.03118520766 0.02237878462)
(0.3982395381 0.05624999828 0.02237878462)
(0.5093089938 0.08355562319 0.02237878462)
(0.5390624851 0.1348056216 0.02237878462)
(0.4407899603 -0.01999720815 0.02237878462)
(0.4177377969 0.0008815047331 0.02237878462)
(0.4638421237 -0.04087592103 0.02237878462)
(0.4900417104 -0.0241157033 0.02237878462)
(0.4868942872 -0.06175463391 0.02237878462)
(0.5392934605 -0.02823419846 0.02237878462)
(0.5162412971 -0.007355485577 0.02237878462)
(0.3936180249 0.1074999967 0.02237878462)
(0.3638645336 0.05624999828 0.02237878462)
(0.4233715162 0.1587499951 0.02237878462)
(0.3889965117 0.1587499951 0.02237878462)
(0.3546215072 0.1587499951 0.02237878462)
(0.4397223517 -0.1392574273 0.02237878462)
(0.4330210239 -0.1088861395 0.02237878462)
(0.4464236796 -0.1696287151 0.02237878462)
(0.4120486751 -0.1696287151 0.02237878462)
(0.3776736706 -0.1696287151 0.02237878462)
(0.5562499911 0.1598704122 0.02237878462)
(0.5734374821 0.1348056216 0.02237878462)
(0.573437497 0.1849352028 0.02237878462)
(0.5390625 0.1849352028 0.02237878462)
(0.607812494 0.1849352028 0.02237878462)
(1.849999964 -0.02809519507 0.02237878462)
(1.849999964 -0.05837788992 0.02237878462)
(1.899999976 -0.0421576947 0.02237878462)
(1.849999964 -0.08866058476 0.02237878462)
(1.949999988 -0.05622019432 0.02237878462)
(1.579569697 0.0741659482 0.02237878462)
(1.592927635 0.1254159466 0.02237878462)
(1.611713231 0.09208189812 0.02237878462)
(1.802452743 0.08432775922 0.02237878462)
(1.783702761 0.1327652577 0.02237878462)
(1.823655516 0.1039680205 0.02237878462)
(1.471017033 -0.1346532032 0.02237878462)
(1.512071013 -0.1673266031 0.02237878462)
(1.477696031 -0.1673266031 0.02237878462)
(1.942405522 0.1211555209 0.02237878462)
(1.971202761 0.11870276 0.02237878462)
(1.971202761 0.1499527581 0.02237878462)
(1.96875 -0.120000001 0.02237878462)
(1.96875 -0.08000000007 0.02237878462)
(1.96875 -0.160000002 0.02237878462)
(1.9375 -0.160000002 0.02237878462)
(1.90625 -0.160000002 0.02237878462)
(1.209374964 -0.1256935988 0.02237878462)
(1.209374964 -0.08854039665 0.02237878462)
(1.243749976 -0.1628468009 0.02237878462)
(1.209374964 -0.1628468009 0.02237878462)
(1.278124988 -0.1628468009 0.02237878462)
(0.9768554866 -0.03215319919 0.02237878462)
(0.963720724 -0.05777819827 0.02237878462)
(0.9899902493 -0.006528200116 0.02237878462)
(0.9556152374 0.007568598958 0.02237878462)
(1.003125012 0.01909679896 0.02237878462)
(0.9343749881 0.04729039711 0.02237878462)
(0.9212402254 0.02166539803 0.02237878462)
(0.7968749851 0.07034679735 0.02237878462)
(0.7968749851 0.1215967957 0.02237878462)
(0.8312499821 0.08444359642 0.02237878462)
(0.6421874911 0.1336852044 0.02237878462)
(0.6765624881 0.08243520604 0.02237878462)
(0.6249999851 0.1086204138 0.02237878462)
(1.167117715 0.05368140247 0.02237878462)
(1.139198482 0.06072980259 0.02237878462)
(1.160438716 0.0210080035 0.02237878462)
(1.111279249 0.06777820271 0.02237878462)
(1.153759718 -0.01166539546 0.02237878462)
(1.278124988 -0.06034679944 0.02237878462)
(1.278124988 -0.1115968002 0.02237878462)
(1.243749976 -0.07444359805 0.02237878462)
(0.5139305294 0.02294821735 0.02237878462)
(0.4646787792 0.0270667125 0.02237878462)
(0.5116197616 0.05325192027 0.02237878462)
(0.7395198196 -0.06798967486 0.02237878462)
(0.7395198196 -0.1192396756 0.02237878462)
(0.7165396512 -0.0897293489 0.02237878462)
(0.9145612568 -0.01100800186 0.02237878462)
(0.935801506 -0.05072980002 0.02237878462)
(0.9078822881 -0.04368140176 0.02237878462)
(0.527970612 -0.09212592174 0.02237878462)
(0.5690469369 -0.1224972096 0.02237878462)
(0.5541701987 -0.07536570402 0.02237878462)
(0.6101232618 -0.1528684974 0.02237878462)
(0.5803697854 -0.05860548629 0.02237878462)
(1.47867614 0.004999999423 0.02237878462)
(1.450980097 0.02357659978 0.02237878462)
(1.450980097 -0.0135766014 0.02237878462)
(1.423284054 0.04215320013 0.02237878462)
(1.423284054 -0.03215320222 0.02237878462)
(1.39558804 -0.0135766014 0.02237878462)
(1.39558804 0.02357659978 0.02237878462)
(1.367892027 0.004999999423 0.02237878462)
(1.39558804 0.06072980096 0.02237878462)
(1.340196013 0.02357660024 0.02237878462)
(1.119384736 0.002431403147 0.02237878462)
(1.098144501 0.04215320223 0.02237878462)
(1.085009754 0.01652820176 0.02237878462)
(1.076904267 0.08187500131 0.02237878462)
(1.050634772 0.03062500036 0.02237878462)
(1.340196013 0.07482659863 0.02237878462)
(1.340196013 0.126076597 0.02237878462)
(1.367892027 0.09340319899 0.02237878462)
(0.1217347104 -0.006068851799 0.02237878462)
(0.1063928735 0.02246361412 0.02237878462)
(0.1224250682 0.01582285948 0.02237878462)
(0.1210443527 -0.02796056308 0.02237878462)
(0.1370765474 -0.03460131772 0.02237878462)
(0.1203539949 -0.04985227436 0.02237878462)
(0.1050121579 -0.02131980844 0.02237878462)
(0.1524183843 -0.06313378364 0.02237878462)
(0.1531087421 -0.04124207236 0.02237878462)
(0.05608990695 -0.05825215764 0.02237878462)
(0.03884828929 -0.05628811475 0.02237878462)
(0.05259694718 -0.03731939103 0.02237878462)
(0.05958286673 -0.07918492425 0.02237878462)
(0.07333152462 -0.06021620054 0.02237878462)
(0.0630758265 -0.1001176909 0.02237878462)
(0.04583420884 -0.09815364797 0.02237878462)
(0.09057314228 -0.06218024343 0.02237878462)
(0.08708018251 -0.04124747682 0.02237878462)
(0.1098067453 0.0710783042 0.02237878462)
(0.1237801202 0.05127140135 0.02237878462)
(0.09310985636 0.06416222826 0.02237878462)
(0.1265036343 0.07799438015 0.02237878462)
(0.09583337046 0.09088520706 0.02237878462)
(0.1432005232 0.08491045609 0.02237878462)
(0.1571738981 0.06510355324 0.02237878462)
(0.08185999561 0.1106921099 0.02237878462)
(0.06516310666 0.103776034 0.02237878462)
(0.09212206583 0.01137478277 0.02237878462)
(0.09281242359 0.03326649405 0.02237878462)
(0.07785125822 0.0002859514207 0.02237878462)
(0.09143170808 -0.01051692851 0.02237878462)
(0.0635804506 -0.01080287993 0.02237878462)
(0.06427080836 0.01108883135 0.02237878462)
(0.09074135032 -0.03240863979 0.02237878462)
(-0.02767094877 -0.1386246309 0.02237878462)
(-0.05219161138 -0.1382795405 0.02237878462)
(-0.02423481923 -0.1180511434 0.02237878462)
(-0.03110707831 -0.1591981184 0.02237878462)
(-0.003150286153 -0.1389697213 0.02237878462)
(-0.03454320785 -0.1797716059 0.02237878462)
(-0.05906387046 -0.1794265155 0.02237878462)
(0.02137037646 -0.1393148117 0.02237878462)
(0.024806506 -0.1187413242 0.02237878462)
(-0.06072903611 -0.05988783948 0.02237878462)
(-0.05737900082 -0.03930015862 0.02237878462)
(-0.03870537598 -0.05594301037 0.02237878462)
(-0.08275269624 -0.06383266859 0.02237878462)
(-0.0640790714 -0.08047552034 0.02237878462)
(-0.1047763564 -0.06777749769 0.02237878462)
(-0.1014263211 -0.04718981683 0.02237878462)
(-0.06742910668 -0.1010632012 0.02237878462)
(-0.04540544655 -0.0971183721 0.02237878462)
(0.08552622981 -0.1269868426 0.02237878462)
(0.05574537721 -0.1393148117 0.02237878462)
(0.07910802122 -0.1067584455 0.02237878462)
(0.09194443841 -0.1472152397 0.02237878462)
(0.1153070824 -0.1146588735 0.02237878462)
(0.098362647 -0.1674436368 0.02237878462)
(0.06858179439 -0.1797716059 0.02237878462)
(0.145087935 -0.1023309045 0.02237878462)
(0.1386697264 -0.08210250735 0.02237878462)
(0.01247471097 -0.1014697207 0.02237878462)
(0.03699537358 -0.1018148111 0.02237878462)
(0.000142915934 -0.08419811726 0.02237878462)
(-0.01204595165 -0.1011246303 0.02237878462)
(-0.0121888791 -0.0669265138 0.02237878462)
(0.01233178351 -0.0672716042 0.02237878462)
(-0.03656661426 -0.1007795399 0.02237878462)
(-0.1616899073 0.05367781338 0.02237878462)
(-0.1425348595 0.06520421989 0.02237878462)
(-0.1425348595 0.03957921942 0.02237878462)
(-0.1808449551 0.06777640735 0.02237878462)
(-0.1808449551 0.04215140687 0.02237878462)
(-0.1808449551 0.09340140782 0.02237878462)
(-0.1808449551 0.0165264064 0.02237878462)
(-0.06503408961 0.08281629253 0.02237878462)
(-0.06887040939 0.1045779828 0.02237878462)
(-0.04686428886 0.1006404115 0.02237878462)
(-0.08320389036 0.06499217357 0.02237878462)
(-0.06119776983 0.06105460227 0.02237878462)
(-0.1013736911 0.04716805462 0.02237878462)
(-0.1052100109 0.06892974488 0.02237878462)
(-0.05736145005 0.039292912 0.02237878462)
(-0.0391916493 0.05711703096 0.02237878462)
(-0.0934388712 -0.1538015138 0.02237878462)
(-0.09687500075 -0.1743750013 0.02237878462)
(-0.09000274166 -0.1332280263 0.02237878462)
(-0.1278138719 -0.1281765122 0.02237878462)
(-0.08656661212 -0.1126545388 0.02237878462)
(-0.1621888727 -0.1025515106 0.02237878462)
(-0.1656250022 -0.1231249981 0.02237878462)
(-0.1050699437 -0.01279091457 0.02237878462)
(-0.1050874861 -0.03835098253 0.02237878462)
(-0.1234324388 -0.02557457797 0.02237878462)
(-0.08670744859 -7.251163111e-06 0.02237878462)
(-0.1050524013 0.0127691534 0.02237878462)
(-0.06834495347 0.01277641224 0.02237878462)
(-0.06836249586 -0.01278365573 0.02237878462)
(-0.1050348589 0.03832922137 0.02237878462)
(-0.123397354 0.02554555796 0.02237878462)
(-0.1243650587 0.08302833885 0.02237878462)
(-0.106195258 0.1008524578 0.02237878462)
(-0.1435201066 0.09712693281 0.02237878462)
(-0.08802545723 0.1186765768 0.02237878462)
(-0.1626751544 0.1112255268 0.02237878462)
(-0.1425524019 0.01401915145 0.02237878462)
(-0.1617074497 0.002492744941 0.02237878462)
(-0.1425699443 -0.01154091652 0.02237878462)
(-0.1808624975 -0.009033661569 0.02237878462)
(-0.1425874867 -0.03710098448 0.02237878462)
(-0.1312500015 0.1843749955 0.02237878462)
(-0.09687500075 0.1843749955 0.02237878462)
(-0.1656250022 0.1843749955 0.02237878462)
(-0.1656250022 0.1587499976 0.02237878462)
(-0.1656250022 0.1331249997 0.02237878462)
(0.02871986665 0.1667914651 0.02237878462)
(0.0571422996 0.145187201 0.02237878462)
(0.02276729885 0.145187201 0.02237878462)
(0.03467243444 0.1883957293 0.02237878462)
(0.0002974336967 0.1883957293 0.02237878462)
(0.06904743519 0.1883957293 0.02237878462)
(-0.03407756705 0.1883957293 0.02237878462)
(0.07517788373 0.06191223208 0.02237878462)
(0.08915125858 0.04210532922 0.02237878462)
(0.06120450888 0.08171913493 0.02237878462)
(0.0572459111 0.0596622359 0.02237878462)
(0.04723113403 0.1015260378 0.02237878462)
(0.03931393847 0.05741223972 0.02237878462)
(0.05328731332 0.03760533687 0.02237878462)
(-0.08306382596 -0.03440615343 0.02237878462)
(-0.06470133085 -0.02162249002 0.02237878462)
(-0.06104016583 -0.03046132432 0.02237878462)
(0.1558188461 0.02965501137 0.02237878462)
(0.1544637941 -0.005793530494 0.02237878462)
(0.1391219571 0.02273893543 0.02237878462)
(-0.1283001537 0.1368505247 0.02237878462)
(-0.09097530507 0.1405760497 0.02237878462)
(-0.09392515291 0.1624755226 0.02237878462)
(-0.05365045648 0.1443015747 0.02237878462)
(-0.05955015216 0.1881005205 0.02237878462)
(0.02778858505 -0.1595432088 0.02237878462)
(0.03420679364 -0.1797716059 0.02237878462)
(-0.0001682071015 -0.1797716059 0.02237878462)
(0.2858701646 -0.1456500851 0.02237878462)
(0.3053677455 -0.1184751261 0.02237878462)
(0.3007475808 -0.172825044 0.02237878462)
(0.2663725838 -0.172825044 0.02237878462)
(0.3351225778 -0.172825044 0.02237878462)
(0.3627962545 -0.1424537562 0.02237878462)
(0.3479188383 -0.1152787972 0.02237878462)
(0.3904699311 -0.1120824683 0.02237878462)
(0.07488045096 0.03101649787 0.02237878462)
(0.06060964335 0.01992766652 0.02237878462)
(0.05694847833 0.02876650169 0.02237878462)
(0.07349973265 -0.03044459689 0.02237878462)
(0.05625811499 -0.028480554 0.02237878462)
(0.05991928279 -0.01964171696 0.02237878462)
(0.03350241381 -0.08088204451 0.02237878462)
(0.02117061877 -0.06361044105 0.02237878462)
(0.03000945403 -0.0599492779 0.02237878462)
(0.106605337 -0.06882099807 0.02237878462)
(0.1226375317 -0.07546175271 0.02237878462)
(0.09285667911 -0.08778972179 0.02237878462)
(0.2430304922 0.1212625336 0.02237878462)
(0.2631243877 0.0941413492 0.02237878462)
(0.2229365967 0.148383718 0.02237878462)
(0.213279292 0.1138886269 0.02237878462)
(0.2028427012 0.1755049024 0.02237878462)
(0.1835280918 0.1065147202 0.02237878462)
(0.2036219873 0.07939353585 0.02237878462)
(0.3403404057 0.1316288107 0.02237878462)
(0.3449619189 0.08037881227 0.02237878462)
(0.3260593042 0.1045076263 0.02237878462)
(0.6215180904 -0.1233581707 0.02237878462)
(0.6066413522 -0.07622666517 0.02237878462)
(0.6329129189 -0.09384784405 0.02237878462)
(0.1561002918 -0.1348872706 0.02237878462)
(0.1671126485 -0.1674436368 0.02237878462)
(0.1327376477 -0.1674436368 0.02237878462)
(-0.03418913574 0.08253988624 0.02237878462)
(-0.03802545552 0.1043015765 0.02237878462)
(-0.02151398262 0.06443936098 0.02237878462)
(-0.03035281596 0.06077819597 0.02237878462)
(-0.01267514928 0.068100526 0.02237878462)
(-0.08302873839 0.03439165006 0.02237878462)
(-0.06102261785 0.03045407875 0.02237878462)
(-0.06468378566 0.02161524549 0.02237878462)
(1.01625976 0.04472179944 0.02237878462)
(0.9818847477 0.05881859851 0.02237878462)
(1.029394507 0.07034679991 0.02237878462)
(0.262528073 0.04593749344 0.02237878462)
(0.2619317584 -0.002266362309 0.02237878462)
(0.2327768728 0.03856358677 0.02237878462)
(0.03443370204 0.08313030377 0.02237878462)
(0.03839229981 0.1051872028 0.02237878462)
(0.03047510426 0.06107340474 0.02237878462)
(0.02163627004 0.06473456975 0.02237878462)
(0.01279743583 0.06839573476 0.02237878462)
(1.887499988 -0.1362201963 0.02237878462)
(1.868749976 -0.1124403905 0.02237878462)
(1.918749988 -0.09622019529 0.02237878462)
(-0.03112771921 0.1664962564 0.02237878462)
(-0.02817787137 0.1445967834 0.02237878462)
(-0.002705286257 0.1448919922 0.02237878462)
(-0.02522802353 0.1226973105 0.02237878462)
(0.02571714669 0.1232877281 0.02237878462)
(0.1588103957 0.1410098113 0.02237878462)
(0.149153091 0.1065147202 0.02237878462)
(0.1684677005 0.1755049024 0.02237878462)
(0.1340926997 0.1755049024 0.02237878462)
(0.09971769899 0.1755049024 0.02237878462)
(-0.03321657897 -0.08019185904 0.02237878462)
(-0.02986654368 -0.05960417818 0.02237878462)
(-0.02102771139 -0.06326534599 0.02237878462)
(0.0001222827113 0.08649626002 0.02237878462)
(-0.01255287041 0.1045967853 0.02237878462)
(0.0129197147 0.104891994 0.02237878462)
(-0.1656250022 -0.1487499997 0.02237878462)
(-0.1312500015 -0.1743750013 0.02237878462)
(-0.1656250022 -0.1743750013 0.02237878462)
(-0.105240237 -0.09601168707 0.02237878462)
(-0.1239138618 -0.07936883532 0.02237878462)
(-0.1430513673 -0.09096017294 0.02237878462)
(-0.1425874867 -0.06272598356 0.02237878462)
(-0.1808624975 -0.0859086588 0.02237878462)
(0.0878125634 0.1322963741 0.02237878462)
(0.0937651312 0.1539006382 0.02237878462)
(0.1184828272 0.1194055472 0.02237878462)
(-0.1617249921 -0.0486923221 0.02237878462)
(-0.1808624975 -0.03465866065 0.02237878462)
(-0.1808624975 -0.06028365972 0.02237878462)
(-0.200000003 -0.200000003 0)
(-0.200000003 0.2099999934 0)
(2 -0.200000003 0)
(-0.02810483897 -0.04135357332 0)
(-0.200000003 -0.1743750013 0)
(-0.200000003 -0.1487499997 0)
(-0.200000003 -0.1231249981 0)
(-0.200000003 -0.09749999642 0)
(-0.200000003 -0.07187499735 0)
(-0.200000003 -0.04624999827 0)
(-0.200000003 -0.02062499919 0)
(-0.200000003 0.004999999888 0)
(-0.200000003 0.03062500036 0)
(-0.200000003 0.05625000084 0)
(-0.200000003 0.08187500131 0)
(-0.200000003 0.1075000018 0)
(-0.200000003 0.1331249997 0)
(-0.200000003 0.1587499976 0)
(-0.200000003 0.1843749955 0)
(-0.1656250022 -0.200000003 0)
(-0.1312500015 -0.200000003 0)
(-0.09687500075 -0.200000003 0)
(-0.0625 -0.200000003 0)
(-0.02812499925 -0.200000003 0)
(0.00625000149 -0.200000003 0)
(0.04062500224 -0.200000003 0)
(0.07500000298 -0.200000003 0)
(0.1093750037 -0.200000003 0)
(0.1437500045 -0.200000003 0)
(0.1781250052 -0.200000003 0)
(0.212500006 -0.200000003 0)
(0.246875003 -0.200000003 0)
(0.28125 -0.200000003 0)
(0.315624997 -0.200000003 0)
(0.349999994 -0.200000003 0)
(0.3843749985 -0.200000003 0)
(0.418750003 -0.200000003 0)
(0.4531250075 -0.200000003 0)
(0.4875000119 -0.200000003 0)
(0.5218750089 -0.200000003 0)
(0.556250006 -0.200000003 0)
(0.590625003 -0.200000003 0)
(0.625 -0.200000003 0)
(0.659374997 -0.200000003 0)
(0.693749994 -0.200000003 0)
(0.7281249911 -0.200000003 0)
(0.7624999881 -0.200000003 0)
(0.7968749851 -0.200000003 0)
(0.8312499821 -0.200000003 0)
(0.8656249791 -0.200000003 0)
(0.8999999762 -0.200000003 0)
(0.9343749881 -0.200000003 0)
(0.96875 -0.200000003 0)
(1.003125012 -0.200000003 0)
(1.037500024 -0.200000003 0)
(1.071875006 -0.200000003 0)
(1.106249988 -0.200000003 0)
(1.14062497 -0.200000003 0)
(1.174999952 -0.200000003 0)
(1.209374964 -0.200000003 0)
(1.243749976 -0.200000003 0)
(1.278124988 -0.200000003 0)
(1.3125 -0.200000003 0)
(1.346875012 -0.200000003 0)
(1.381250024 -0.200000003 0)
(1.415625036 -0.200000003 0)
(1.450000048 -0.200000003 0)
(1.48437503 -0.200000003 0)
(1.518750012 -0.200000003 0)
(1.553124994 -0.200000003 0)
(1.587499976 -0.200000003 0)
(1.621874988 -0.200000003 0)
(1.65625 -0.200000003 0)
(1.690625012 -0.200000003 0)
(1.725000024 -0.200000003 0)
(1.762500018 -0.200000003 0)
(1.800000012 -0.200000003 0)
(1.837500006 -0.200000003 0)
(1.875 -0.200000003 0)
(1.90625 -0.200000003 0)
(1.9375 -0.200000003 0)
(1.96875 -0.200000003 0)
(2 0.2099999934 0)
(-0.1656250022 0.2099999934 0)
(-0.1312500015 0.2099999934 0)
(-0.09687500075 0.2099999934 0)
(-0.0625 0.2099999934 0)
(-0.02812499925 0.2099999934 0)
(0.00625000149 0.2099999934 0)
(0.04062500224 0.2099999934 0)
(0.07500000298 0.2099999934 0)
(0.1093750037 0.2099999934 0)
(0.1437500045 0.2099999934 0)
(0.1781250052 0.2099999934 0)
(0.212500006 0.2099999934 0)
(0.246875003 0.2099999934 0)
(0.28125 0.2099999934 0)
(0.315624997 0.2099999934 0)
(0.349999994 0.2099999934 0)
(0.3843749985 0.2099999934 0)
(0.418750003 0.2099999934 0)
(0.4531250075 0.2099999934 0)
(0.4875000119 0.2099999934 0)
(0.5218750089 0.2099999934 0)
(0.556250006 0.2099999934 0)
(0.590625003 0.2099999934 0)
(0.625 0.2099999934 0)
(0.659374997 0.2099999934 0)
(0.693749994 0.2099999934 0)
(0.7281249911 0.2099999934 0)
(0.7624999881 0.2099999934 0)
(0.7968749851 0.2099999934 0)
(0.8312499821 0.2099999934 0)
(0.8656249791 0.2099999934 0)
(0.8999999762 0.2099999934 0)
(0.9343749881 0.2099999934 0)
(0.96875 0.2099999934 0)
(1.003125012 0.2099999934 0)
(1.037500024 0.2099999934 0)
(1.071875006 0.2099999934 0)
(1.106249988 0.2099999934 0)
(1.14062497 0.2099999934 0)
(1.174999952 0.2099999934 0)
(1.209374964 0.2099999934 0)
(1.243749976 0.2099999934 0)
(1.278124988 0.2099999934 0)
(1.3125 0.2099999934 0)
(1.346875012 0.2099999934 0)
(1.381250024 0.2099999934 0)
(1.415625036 0.2099999934 0)
(1.450000048 0.2099999934 0)
(1.48437503 0.2099999934 0)
(1.518750012 0.2099999934 0)
(1.553124994 0.2099999934 0)
(1.587499976 0.2099999934 0)
(1.621874988 0.2099999934 0)
(1.65625 0.2099999934 0)
(1.690625012 0.2099999934 0)
(1.725000024 0.2099999934 0)
(1.762500018 0.2099999934 0)
(1.800000012 0.2099999934 0)
(1.837500006 0.2099999934 0)
(1.875 0.2099999934 0)
(1.90625 0.2099999934 0)
(1.9375 0.2099999934 0)
(1.96875 0.2099999934 0)
(2 0.1787499953 0)
(2 0.1474999972 0)
(2 0.116249999 0)
(2 0.08500000089 0)
(2 0.05375000089 0)
(2 0.02250000089 0)
(2 -0.008749999106 0)
(2 -0.03999999911 0)
(2 -0.08000000007 0)
(2 -0.120000001 0)
(2 -0.160000002 0)
(0.05 0 0)
(0.04911451238 -0.009368280197 0)
(0.04619397419 -0.0191341775 0)
(0.04135357199 -0.02810484094 0)
(0.03535532974 -0.03535534837 0)
(0.02810482183 -0.04135358497 0)
(0.01913416001 -0.04619398143 0)
(0.009368265692 -0.04911451515 0)
(-1.151922984e-08 -0.05 0)
(-0.009368287127 -0.04911451106 0)
(-0.01913417937 -0.04619397341 0)
(-0.05 7.679489818e-09 0)
(-0.03535534465 -0.03535533347 0)
(-0.04135358262 -0.02810482528 0)
(-0.04619398011 -0.01913416321 0)
(-0.04911451451 -0.009368269 0)
(-0.04911451162 0.009368284182 0)
(-0.04619397415 0.0191341776 0)
(-0.0413535738 0.02810483827 0)
(-0.03535533347 0.03535534465 0)
(-0.02810482598 0.04135358215 0)
(-0.01913416498 0.04619397937 0)
(-0.009368271945 0.04911451395 0)
(3.839744908e-09 0.05 0)
(0.009368280692 0.04911451228 0)
(0.01913417368 0.04619397577 0)
(0.02810483345 0.04135357707 0)
(0.03535533906 0.03535533906 0)
(0.04135357755 0.02810483275 0)
(0.0461939765 0.01913417191 0)
(0.04911451285 0.009368277747 0)
(0.173870787 0.07201962918 0)
(0.168450579 -0.06977453828 0)
(0.05118973181 0.1235829368 0)
(-0.05070060864 0.1224021018 0)
(-0.1234499812 -0.05113464594 0)
(-0.1233798116 0.05110562593 0)
(0.04932716861 -0.1190864146 0)
(-0.04875548184 -0.117706053 0)
(0.1070832312 0.0443553254 0)
(0.1043218002 -0.04321151972 0)
(0.3684860468 0.004999999888 0)
(1.3125 0.004999999888 0)
(0.7624999881 0.004999999888 0)
(1.037500024 0.004999999888 0)
(1.534068227 0.004999999888 0)
(0.5654930472 -0.01147398073 0)
(0.5562499762 0.109740831 0)
(0.2928755879 0.1015152559 0)
(0.2904903293 -0.09130016714 0)
(0.8999999762 0.06138719618 0)
(0.8732841015 -0.0693064034 0)
(1.174999952 -0.05138719454 0)
(1.201715946 0.07930640131 0)
(1.423284054 -0.0693064034 0)
(1.799999952 0.0162499994 0)
(1.799999952 -0.10488078 0)
(1.658548713 -0.07047647983 0)
(1.66264236 0.07666379958 0)
(0.4606947005 -0.07851485163 0)
(1.423284054 0.07930640131 0)
(0.6705793142 -0.08195869625 0)
(0.9849609733 -0.09749999642 0)
(1.090039015 0.1075000018 0)
(1.884811044 0.09481104463 0)
(1.842405498 0.05553052202 0)
(1.942405522 0.02740552276 0)
(1.899999976 -0.01187499985 0)
(1.879905522 0.152405519 0)
(1.804905534 0.152405519 0)
(0.9950194955 0.08444359899 0)
(0.96875 0.1356935948 0)
(1.063769519 0.1587499976 0)
(1.145877481 0.09340320155 0)
(1.132519484 0.1587499976 0)
(1.188357949 0.1446531974 0)
(1.011230499 -0.1487499997 0)
(1.079980463 -0.07444359548 0)
(1.106249988 -0.1256935988 0)
(0.9291225374 -0.08340319991 0)
(0.9424804747 -0.1487499997 0)
(0.8866420388 -0.1346532032 0)
(0.6180361807 -0.04671633849 0)
(0.6639965177 -0.003236990422 0)
(0.7165396512 -0.03847934818 0)
(0.7165396512 -0.1409793496 0)
(0.6477896571 -0.1409793496 0)
(1.436642051 0.1446531974 0)
(1.367892027 0.1446531974 0)
(1.47867614 0.0421532006 0)
(1.505392015 0.1446531974 0)
(1.560784101 0.1074999967 0)
(0.5428473502 -0.1392574273 0)
(0.4740973562 -0.1392574273 0)
(0.3755925149 -0.08490750939 0)
(0.329488188 -0.04315008363 0)
(0.4145903736 -0.03675742587 0)
(1.693821192 0.1433318965 0)
(1.625071168 0.1433318965 0)
(1.660595536 0.003093659878 0)
(1.731321156 0.04645689949 0)
(1.729274333 -0.02711324021 0)
(1.560784101 -0.09750000155 0)
(1.59630847 -0.03273823997 0)
(1.623024344 -0.1352382414 0)
(1.799999952 -0.04431539029 0)
(1.729274333 -0.0876786299 0)
(1.762499988 0.1131249964 0)
(1.942405522 0.152405519 0)
(1.942405522 0.08990552276 0)
(1.837499976 -0.1524403915 0)
(1.762499988 -0.1524403915 0)
(1.598355293 0.04083189974 0)
(1.691774368 -0.1352382414 0)
(1.47867614 -0.03215320176 0)
(1.505392015 -0.1346532032 0)
(1.367892027 -0.03215320176 0)
(1.367892027 -0.1346532032 0)
(1.3125 -0.09750000155 0)
(1.3125 0.1074999967 0)
(1.257107973 0.0421532006 0)
(1.257107973 0.1446531974 0)
(1.106249988 -0.02319359733 0)
(1.011230499 -0.04624999827 0)
(1.174999952 -0.1256935988 0)
(1.243749976 -0.02319359733 0)
(1.188357949 0.01395960338 0)
(0.7624999881 -0.09750000155 0)
(0.8178920448 -0.03215320176 0)
(0.8178920448 -0.1346532032 0)
(0.8866420388 -0.003959603608 0)
(0.8312499821 0.03319359804 0)
(0.8999999762 0.1356935948 0)
(0.7624999881 0.1074999967 0)
(0.693749994 0.1074999967 0)
(1.436642051 -0.1346532032 0)
(0.8312499821 0.1356935948 0)
(0.1904752925 -0.1348872706 0)
(0.2294704542 -0.08053735271 0)
(0.2514951676 -0.1456500851 0)
(0.2916829586 0.005107544363 0)
(0.3306808174 0.05325762788 0)
(0.2321805581 -0.009640268981 0)
(0.171160683 0.001122545451 0)
(0.321437791 0.1557576247 0)
(0.252687797 0.1557576247 0)
(0.5608715117 0.04913342511 0)
(0.6593749821 0.05737041542 0)
(0.4623680115 0.05737041542 0)
(0.4279930294 0.1074999967 0)
(0.521874994 0.1598704122 0)
(0.5130938739 -0.04499441618 0)
(0.466989547 -0.003236990422 0)
(0.3592430204 0.1074999967 0)
(0.4053473473 -0.1392574273 0)
(0.5906249881 0.1598704122 0)
(1.899999976 -0.07244038954 0)
(1.9375 -0.120000001 0)
(1.243749976 -0.1256935988 0)
(0.96875 0.03319359804 0)
(0.9424804747 -0.01805640012 0)
(1.132519484 0.02805640362 0)
(0.5952465236 -0.1057369919 0)
(1.423284054 0.004999998957 0)
(1.367892027 0.0421532006 0)
(1.063769519 0.05625000084 0)
(0.1363861896 -0.056493029 0)
(0.1057025157 0.0005719028413 0)
(0.1377669051 -0.01270960644 0)
(0.07682448439 -0.08114896715 0)
(0.04234124906 -0.07722088136 0)
(0.06983856484 -0.03928343393 0)
(0.1125302594 0.097801283 0)
(0.1404770091 0.05818747729 0)
(0.07913648151 0.08396913111 0)
(0.07716090046 -0.02160575986 0)
(0.07854161598 0.0221776627 0)
(-0.006586415693 -0.1595432088 0)
(-0.05562774092 -0.158853028 0)
(0.0002858433872 -0.1183962338 0)
(-0.08610273153 -0.08442034945 0)
(-0.07940266095 -0.04324498773 0)
(-0.04205541126 -0.07653069124 0)
(0.121725291 -0.1348872706 0)
(0.0621635858 -0.1595432088 0)
(0.1088888738 -0.09443047643 0)
(-0.02437774668 -0.08385302685 0)
(0.02466357855 -0.08454320766 0)
(-0.1616899073 0.07930281386 0)
(-0.1616899073 0.02805281291 0)
(-0.07936757058 0.04323048331 0)
(-0.08704021014 0.08675386384 0)
(-0.04302796908 0.07887872122 0)
(-0.1243777424 -0.1076030247 0)
(-0.1312500015 -0.1487499997 0)
(-0.08668990619 0.0255528168 0)
(-0.08672499098 -0.02556731913 0)
(-0.1234148964 -1.451000571e-05 0)
(-0.1253503058 0.1149510518 0)
(-0.1617249921 -0.02306732303 0)
(-0.1312500015 0.1587499976 0)
(0.06309486739 0.1667914651 0)
(-0.005655134097 0.1667914651 0)
(0.04327253625 0.07946913876 0)
(0.07121928595 0.03985533305 0)
(-0.05660030432 0.1662010476 0)
(0.3202451617 -0.1456500851 0)
(0.1931853965 0.1410098113 0)
(0.2333731875 0.08676744252 0)
(-0.0253503024 0.08620105125 0)
(0.02559486782 0.08679146878 0)
(0.0002445615828 0.1229925193 0)
(0.124435395 0.1410098113 0)
(-0.1617249921 -0.07431732118 0)
(1.921202749 0.007765261456 0)
(1.971202761 -0.006297238171 0)
(1.949999988 -0.02593749948 0)
(1.89240551 0.04146802239 0)
(1.871202737 0.02182776108 0)
(1.863608271 0.07517078333 0)
(1.913608283 0.0611082837 0)
(1.821202725 0.03589026071 0)
(1.849999964 0.002187499776 0)
(1.842405528 0.152405519 0)
(1.882358283 0.1236082818 0)
(1.844858289 0.1236082818 0)
(1.839952767 0.1812027562 0)
(1.802452773 0.1812027562 0)
(1.877452761 0.1812027562 0)
(1.764952779 0.1812027562 0)
(1.01625976 0.1472217962 0)
(1.003125012 0.1728467941 0)
(1.050634772 0.1843749955 0)
(0.9818847477 0.1100685969 0)
(1.029394507 0.1215967983 0)
(0.9475097358 0.07291539758 0)
(0.9343749881 0.0985403955 0)
(1.042529255 0.09597180039 0)
(1.076904267 0.1331249997 0)
(1.160438716 0.1517015975 0)
(1.153759718 0.1843749955 0)
(1.181678951 0.1773265954 0)
(1.139198482 0.1260765996 0)
(1.167117715 0.1190281995 0)
(1.117958248 0.1004516017 0)
(1.111279249 0.1331249997 0)
(1.173796713 0.08635480143 0)
(1.195036948 0.1119797993 0)
(1.093115225 -0.1000685971 0)
(1.127490208 -0.06291539501 0)
(1.14062497 -0.08854039665 0)
(1.045605481 -0.1115967976 0)
(1.058740243 -0.1372217992 0)
(0.9980957359 -0.1231249981 0)
(1.032470718 -0.08597179595 0)
(1.024365261 -0.1743750013 0)
(1.071875006 -0.1628468009 0)
(0.9145612568 -0.1417016014 0)
(0.9212402254 -0.1743750013 0)
(0.8933210075 -0.1673266031 0)
(0.935801506 -0.1160765998 0)
(0.9078822881 -0.1090282016 0)
(0.9570417553 -0.09045159817 0)
(0.963720724 -0.1231249981 0)
(0.9012033194 -0.07635480165 0)
(0.8799630702 -0.1019798033 0)
(0.6902680844 -0.0208581693 0)
(0.7132482529 0.0008815047331 0)
(0.7395198196 -0.01673967415 0)
(0.6410163492 -0.02497666446 0)
(0.6672879159 -0.04259784333 0)
(0.591764614 -0.02909515961 0)
(0.6147447824 -0.007355485577 0)
(0.6443077475 -0.06433751737 0)
(0.6935594827 -0.06021902221 0)
(0.6821646541 -0.1409793496 0)
(0.6935594827 -0.1114690229 0)
(0.6591844857 -0.1114690229 0)
(0.7051448226 -0.1704896763 0)
(0.6707698256 -0.1704896763 0)
(0.7395198196 -0.1704896763 0)
(0.6363948286 -0.1704896763 0)
(1.402267039 0.1446531974 0)
(1.429963052 0.1119797993 0)
(1.39558804 0.1119797993 0)
(1.408946037 0.1773265954 0)
(1.374571025 0.1773265954 0)
(1.443321049 0.1773265954 0)
(1.340196013 0.1773265954 0)
(1.533088058 0.126076597 0)
(1.546445996 0.1773265954 0)
(1.574142039 0.1587499951 0)
(1.492034078 0.09340319899 0)
(1.519730121 0.07482659863 0)
(1.450980097 0.06072980096 0)
(1.464338034 0.1119797993 0)
(1.506372184 0.02357660024 0)
(1.547426164 0.05624999828 0)
(0.5084723532 -0.1392574273 0)
(0.5017710254 -0.1088861395 0)
(0.4673960283 -0.1088861395 0)
(0.5495486781 -0.1696287151 0)
(0.5151736811 -0.1696287151 0)
(0.5839236751 -0.1696287151 0)
(0.4807986841 -0.1696287151 0)
(0.3720392808 -0.03995375475 0)
(0.3489871174 -0.01907504187 0)
(0.3915382102 -0.01587871299 0)
(0.3525403515 -0.06402879651 0)
(0.3950914443 -0.06083246763 0)
(0.3330414221 -0.08810383826 0)
(0.3099892586 -0.06722512539 0)
(0.4181436077 -0.08171118051 0)
(0.4376425371 -0.05763613875 0)
(1.65944618 0.1433318965 0)
(1.678231776 0.109997848 0)
(1.643856764 0.109997848 0)
(1.675035596 0.176665945 0)
(1.640660584 0.176665945 0)
(1.709410608 0.176665945 0)
(1.606285572 0.176665945 0)
(1.730297744 0.009671829641 0)
(1.765660554 0.03135344945 0)
(1.764637142 -0.005431620404 0)
(1.695958346 0.02477527969 0)
(1.694934934 -0.01200979017 0)
(1.661618948 0.03987872973 0)
(1.696981758 0.06156034954 0)
(1.659572124 -0.03369140998 0)
(1.693911523 -0.04879486002 0)
(1.609666407 -0.08398824069 0)
(1.627428591 -0.0516073599 0)
(1.640786529 -0.1028573606 0)
(1.578546286 -0.06511912076 0)
(1.591904223 -0.1163691215 0)
(1.547426164 -0.04625000083 0)
(1.565188348 -0.01386912004 0)
(1.574142039 -0.1487500023 0)
(1.60526216 -0.1676191222 0)
(1.729274333 -0.05739593506 0)
(1.693911523 -0.07907755487 0)
(1.764637142 -0.0659970101 0)
(1.764637142 -0.03571431525 0)
(1.799999952 -0.07459808514 0)
(1.764637142 -0.09627970494 0)
(1.799999952 -0.01403269544 0)
(1.712571174 0.094894398 0)
(1.746910572 0.07979094796 0)
(1.72816059 0.1282284465 0)
(1.78124997 0.06468749791 0)
(1.743750006 0.1615624949 0)
(1.911155522 0.152405519 0)
(1.913608283 0.1236082818 0)
(1.939952761 0.1812027562 0)
(1.908702761 0.1812027562 0)
(1.971202761 0.1812027562 0)
(1.942405522 0.05865552276 0)
(1.913608283 0.0923582837 0)
(1.971202761 0.02495276183 0)
(1.971202761 0.05620276183 0)
(1.971202761 0.08745276183 0)
(1.799999982 -0.1524403915 0)
(1.818749964 -0.1286605857 0)
(1.78124997 -0.1286605857 0)
(1.818749994 -0.1762201972 0)
(1.78125 -0.1762201972 0)
(1.856249988 -0.1762201972 0)
(1.743750006 -0.1762201972 0)
(1.628452003 -0.01482229005 0)
(1.629475415 0.02196277981 0)
(1.597331882 0.004046829883 0)
(1.630498827 0.05874784966 0)
(1.56621176 0.02291594981 0)
(1.471017033 0.1446531974 0)
(1.512071013 0.1773265954 0)
(1.477696031 0.1773265954 0)
(1.657399356 -0.1352382414 0)
(1.675161541 -0.1028573606 0)
(1.674012184 -0.1676191222 0)
(1.639637172 -0.1676191222 0)
(1.708387196 -0.1676191222 0)
(1.74588716 -0.1200595107 0)
(1.727137178 -0.1438393164 0)
(1.71052435 -0.1114584357 0)
(1.533088058 -0.1160766024 0)
(1.546445996 -0.1673266031 0)
(1.519730121 -0.06482660165 0)
(1.492034078 -0.08340320247 0)
(1.506372184 -0.01357660093 0)
(1.450980097 -0.05072980258 0)
(1.464338034 -0.1019798033 0)
(1.340196013 -0.1160766024 0)
(1.340196013 -0.1673266031 0)
(1.3125 -0.1487500023 0)
(1.367892027 -0.08340320247 0)
(1.340196013 -0.06482660165 0)
(1.39558804 -0.05072980258 0)
(1.39558804 -0.1019798033 0)
(1.340196013 -0.01357660093 0)
(1.3125 -0.04625000083 0)
(1.098144501 0.1587499976 0)
(1.119384736 0.1843749955 0)
(1.085009754 0.1843749955 0)
(1.257107973 0.09340319899 0)
(1.22941196 0.06072980096 0)
(1.22941196 0.1119797993 0)
(1.284803987 0.07482659863 0)
(1.284803987 0.126076597 0)
(1.3125 0.05624999828 0)
(1.284803987 0.02357660024 0)
(1.3125 0.1587499951 0)
(1.284803987 0.1773265954 0)
(1.045605481 -0.06034679688 0)
(0.9980957359 -0.07187499735 0)
(1.093115225 -0.04881859641 0)
(1.058740243 -0.0347217978 0)
(1.14062497 -0.03729039594 0)
(1.071875006 -0.00909679872 0)
(1.024365261 -0.02062499919 0)
(1.14062497 -0.1256935988 0)
(1.174999952 -0.08854039665 0)
(1.14062497 -0.1628468009 0)
(1.106249988 -0.1628468009 0)
(1.174999952 -0.1628468009 0)
(0.9768554866 -0.1487499997 0)
(0.9899902493 -0.1743750013 0)
(0.9556152374 -0.1743750013 0)
(1.222732961 0.02805640199 0)
(1.195036948 0.04663300235 0)
(1.216053963 -0.004616996972 0)
(1.250428975 0.009479801636 0)
(1.209374964 -0.03729039594 0)
(1.181678951 -0.01871379558 0)
(1.278124988 -0.00909679872 0)
(0.8178920448 -0.08340320247 0)
(0.8455880731 -0.05072980258 0)
(0.8455880731 -0.1019798033 0)
(0.7901960164 -0.06482660165 0)
(0.7901960164 -0.1160766024 0)
(0.7624999881 -0.04625000083 0)
(0.7901960164 -0.01357660093 0)
(0.7624999881 -0.1487500023 0)
(0.7901960164 -0.1673266031 0)
(0.8245710135 0.0005201981403 0)
(0.7968749851 0.01909679896 0)
(0.8522670418 -0.01805640268 0)
(0.8589460105 0.01461699721 0)
(0.8799630702 -0.0366330035 0)
(0.8933210075 0.02871379629 0)
(0.8656249791 0.04729039711 0)
(0.9343749881 0.1356935948 0)
(0.8999999762 0.0985403955 0)
(0.96875 0.1728467941 0)
(0.9343749881 0.1728467941 0)
(0.8999999762 0.1728467941 0)
(0.7281249911 0.1074999967 0)
(0.7624999881 0.05624999828 0)
(0.7281249911 0.05624999828 0)
(0.7281249911 0.1587499951 0)
(0.693749994 0.1587499951 0)
(0.7624999881 0.1587499951 0)
(0.659374997 0.1587499951 0)
(0.8522670418 -0.1346532032 0)
(0.8589460105 -0.1673266031 0)
(0.8245710135 -0.1673266031 0)
(1.222732961 0.1446531974 0)
(1.250428975 0.1773265954 0)
(1.216053963 0.1773265954 0)
(1.402267039 -0.1346532032 0)
(1.429963052 -0.1019798033 0)
(1.408946037 -0.1673266031 0)
(1.374571025 -0.1673266031 0)
(1.443321049 -0.1673266031 0)
(0.8656249791 0.1356935948 0)
(0.8656249791 0.0985403955 0)
(0.8656249791 0.1728467941 0)
(0.8312499821 0.1728467941 0)
(0.7968749851 0.1728467941 0)
(0.2404828109 -0.1130937189 0)
(0.2599803917 -0.08591875993 0)
(0.2709927484 -0.1184751261 0)
(0.2099728733 -0.1077123117 0)
(0.2209852301 -0.1402686778 0)
(0.1794629358 -0.1023309045 0)
(0.1989605166 -0.07515594549 0)
(0.2014876492 -0.1674436368 0)
(0.2319975868 -0.172825044 0)
(0.3300845027 0.005053772125 0)
(0.3495834321 0.02912881388 0)
(0.311181888 0.02918258612 0)
(0.3105855733 -0.01902126963 0)
(0.2922792733 0.05331140012 0)
(0.3117782027 0.07738644187 0)
(0.2910866439 -0.04309631139 0)
(0.2003155686 -0.03970740363 0)
(0.169805631 -0.03432599641 0)
(0.2308255062 -0.04508881085 0)
(0.2016706206 -0.004258861765 0)
(0.2613354437 -0.05047021806 0)
(0.2030256726 0.0311896801 0)
(0.172515735 0.03657108732 0)
(0.287062794 0.1557576247 0)
(0.3071566895 0.1286364403 0)
(0.2727816924 0.1286364403 0)
(0.3013438955 0.182878809 0)
(0.2669688985 0.182878809 0)
(0.3357188925 0.182878809 0)
(0.2325939015 0.182878809 0)
(0.6616857499 0.0270667125 0)
(0.7109374851 0.03118520766 0)
(0.6101232469 0.05325192027 0)
(0.6124340147 0.02294821735 0)
(0.5585607439 0.07943712804 0)
(0.6078124791 0.08355562319 0)
(0.5631822795 0.01882972219 0)
(0.4749340117 0.1336852044 0)
(0.4577465206 0.1587499951 0)
(0.504687503 0.1849352028 0)
(0.4451805204 0.08243520604 0)
(0.4921215028 0.1086204138 0)
(0.4154270291 0.03118520766 0)
(0.3982395381 0.05624999828 0)
(0.5093089938 0.08355562319 0)
(0.5390624851 0.1348056216 0)
(0.4407899603 -0.01999720815 0)
(0.4177377969 0.0008815047331 0)
(0.4638421237 -0.04087592103 0)
(0.4900417104 -0.0241157033 0)
(0.4868942872 -0.06175463391 0)
(0.5392934605 -0.02823419846 0)
(0.5162412971 -0.007355485577 0)
(0.3936180249 0.1074999967 0)
(0.3638645336 0.05624999828 0)
(0.4233715162 0.1587499951 0)
(0.3889965117 0.1587499951 0)
(0.3546215072 0.1587499951 0)
(0.4397223517 -0.1392574273 0)
(0.4330210239 -0.1088861395 0)
(0.4464236796 -0.1696287151 0)
(0.4120486751 -0.1696287151 0)
(0.3776736706 -0.1696287151 0)
(0.5562499911 0.1598704122 0)
(0.5734374821 0.1348056216 0)
(0.573437497 0.1849352028 0)
(0.5390625 0.1849352028 0)
(0.607812494 0.1849352028 0)
(1.849999964 -0.02809519507 0)
(1.849999964 -0.05837788992 0)
(1.899999976 -0.0421576947 0)
(1.849999964 -0.08866058476 0)
(1.949999988 -0.05622019432 0)
(1.579569697 0.0741659482 0)
(1.592927635 0.1254159466 0)
(1.611713231 0.09208189812 0)
(1.802452743 0.08432775922 0)
(1.783702761 0.1327652577 0)
(1.823655516 0.1039680205 0)
(1.471017033 -0.1346532032 0)
(1.512071013 -0.1673266031 0)
(1.477696031 -0.1673266031 0)
(1.942405522 0.1211555209 0)
(1.971202761 0.11870276 0)
(1.971202761 0.1499527581 0)
(1.96875 -0.120000001 0)
(1.96875 -0.08000000007 0)
(1.96875 -0.160000002 0)
(1.9375 -0.160000002 0)
(1.90625 -0.160000002 0)
(1.209374964 -0.1256935988 0)
(1.209374964 -0.08854039665 0)
(1.243749976 -0.1628468009 0)
(1.209374964 -0.1628468009 0)
(1.278124988 -0.1628468009 0)
(0.9768554866 -0.03215319919 0)
(0.963720724 -0.05777819827 0)
(0.9899902493 -0.006528200116 0)
(0.9556152374 0.007568598958 0)
(1.003125012 0.01909679896 0)
(0.9343749881 0.04729039711 0)
(0.9212402254 0.02166539803 0)
(0.7968749851 0.07034679735 0)
(0.7968749851 0.1215967957 0)
(0.8312499821 0.08444359642 0)
(0.6421874911 0.1336852044 0)
(0.6765624881 0.08243520604 0)
(0.6249999851 0.1086204138 0)
(1.167117715 0.05368140247 0)
(1.139198482 0.06072980259 0)
(1.160438716 0.0210080035 0)
(1.111279249 0.06777820271 0)
(1.153759718 -0.01166539546 0)
(1.278124988 -0.06034679944 0)
(1.278124988 -0.1115968002 0)
(1.243749976 -0.07444359805 0)
(0.5139305294 0.02294821735 0)
(0.4646787792 0.0270667125 0)
(0.5116197616 0.05325192027 0)
(0.7395198196 -0.06798967486 0)
(0.7395198196 -0.1192396756 0)
(0.7165396512 -0.0897293489 0)
(0.9145612568 -0.01100800186 0)
(0.935801506 -0.05072980002 0)
(0.9078822881 -0.04368140176 0)
(0.527970612 -0.09212592174 0)
(0.5690469369 -0.1224972096 0)
(0.5541701987 -0.07536570402 0)
(0.6101232618 -0.1528684974 0)
(0.5803697854 -0.05860548629 0)
(1.47867614 0.004999999423 0)
(1.450980097 0.02357659978 0)
(1.450980097 -0.0135766014 0)
(1.423284054 0.04215320013 0)
(1.423284054 -0.03215320222 0)
(1.39558804 -0.0135766014 0)
(1.39558804 0.02357659978 0)
(1.367892027 0.004999999423 0)
(1.39558804 0.06072980096 0)
(1.340196013 0.02357660024 0)
(1.119384736 0.002431403147 0)
(1.098144501 0.04215320223 0)
(1.085009754 0.01652820176 0)
(1.076904267 0.08187500131 0)
(1.050634772 0.03062500036 0)
(1.340196013 0.07482659863 0)
(1.340196013 0.126076597 0)
(1.367892027 0.09340319899 0)
(0.1217347104 -0.006068851799 0)
(0.1063928735 0.02246361412 0)
(0.1224250682 0.01582285948 0)
(0.1210443527 -0.02796056308 0)
(0.1370765474 -0.03460131772 0)
(0.1203539949 -0.04985227436 0)
(0.1050121579 -0.02131980844 0)
(0.1524183843 -0.06313378364 0)
(0.1531087421 -0.04124207236 0)
(0.05608990695 -0.05825215764 0)
(0.03884828929 -0.05628811475 0)
(0.05259694718 -0.03731939103 0)
(0.05958286673 -0.07918492425 0)
(0.07333152462 -0.06021620054 0)
(0.0630758265 -0.1001176909 0)
(0.04583420884 -0.09815364797 0)
(0.09057314228 -0.06218024343 0)
(0.08708018251 -0.04124747682 0)
(0.1098067453 0.0710783042 0)
(0.1237801202 0.05127140135 0)
(0.09310985636 0.06416222826 0)
(0.1265036343 0.07799438015 0)
(0.09583337046 0.09088520706 0)
(0.1432005232 0.08491045609 0)
(0.1571738981 0.06510355324 0)
(0.08185999561 0.1106921099 0)
(0.06516310666 0.103776034 0)
(0.09212206583 0.01137478277 0)
(0.09281242359 0.03326649405 0)
(0.07785125822 0.0002859514207 0)
(0.09143170808 -0.01051692851 0)
(0.0635804506 -0.01080287993 0)
(0.06427080836 0.01108883135 0)
(0.09074135032 -0.03240863979 0)
(-0.02767094877 -0.1386246309 0)
(-0.05219161138 -0.1382795405 0)
(-0.02423481923 -0.1180511434 0)
(-0.03110707831 -0.1591981184 0)
(-0.003150286153 -0.1389697213 0)
(-0.03454320785 -0.1797716059 0)
(-0.05906387046 -0.1794265155 0)
(0.02137037646 -0.1393148117 0)
(0.024806506 -0.1187413242 0)
(-0.06072903611 -0.05988783948 0)
(-0.05737900082 -0.03930015862 0)
(-0.03870537598 -0.05594301037 0)
(-0.08275269624 -0.06383266859 0)
(-0.0640790714 -0.08047552034 0)
(-0.1047763564 -0.06777749769 0)
(-0.1014263211 -0.04718981683 0)
(-0.06742910668 -0.1010632012 0)
(-0.04540544655 -0.0971183721 0)
(0.08552622981 -0.1269868426 0)
(0.05574537721 -0.1393148117 0)
(0.07910802122 -0.1067584455 0)
(0.09194443841 -0.1472152397 0)
(0.1153070824 -0.1146588735 0)
(0.098362647 -0.1674436368 0)
(0.06858179439 -0.1797716059 0)
(0.145087935 -0.1023309045 0)
(0.1386697264 -0.08210250735 0)
(0.01247471097 -0.1014697207 0)
(0.03699537358 -0.1018148111 0)
(0.000142915934 -0.08419811726 0)
(-0.01204595165 -0.1011246303 0)
(-0.0121888791 -0.0669265138 0)
(0.01233178351 -0.0672716042 0)
(-0.03656661426 -0.1007795399 0)
(-0.1616899073 0.05367781338 0)
(-0.1425348595 0.06520421989 0)
(-0.1425348595 0.03957921942 0)
(-0.1808449551 0.06777640735 0)
(-0.1808449551 0.04215140687 0)
(-0.1808449551 0.09340140782 0)
(-0.1808449551 0.0165264064 0)
(-0.06503408961 0.08281629253 0)
(-0.06887040939 0.1045779828 0)
(-0.04686428886 0.1006404115 0)
(-0.08320389036 0.06499217357 0)
(-0.06119776983 0.06105460227 0)
(-0.1013736911 0.04716805462 0)
(-0.1052100109 0.06892974488 0)
(-0.05736145005 0.039292912 0)
(-0.0391916493 0.05711703096 0)
(-0.0934388712 -0.1538015138 0)
(-0.09687500075 -0.1743750013 0)
(-0.09000274166 -0.1332280263 0)
(-0.1278138719 -0.1281765122 0)
(-0.08656661212 -0.1126545388 0)
(-0.1621888727 -0.1025515106 0)
(-0.1656250022 -0.1231249981 0)
(-0.1050699437 -0.01279091457 0)
(-0.1050874861 -0.03835098253 0)
(-0.1234324388 -0.02557457797 0)
(-0.08670744859 -7.251163111e-06 0)
(-0.1050524013 0.0127691534 0)
(-0.06834495347 0.01277641224 0)
(-0.06836249586 -0.01278365573 0)
(-0.1050348589 0.03832922137 0)
(-0.123397354 0.02554555796 0)
(-0.1243650587 0.08302833885 0)
(-0.106195258 0.1008524578 0)
(-0.1435201066 0.09712693281 0)
(-0.08802545723 0.1186765768 0)
(-0.1626751544 0.1112255268 0)
(-0.1425524019 0.01401915145 0)
(-0.1617074497 0.002492744941 0)
(-0.1425699443 -0.01154091652 0)
(-0.1808624975 -0.009033661569 0)
(-0.1425874867 -0.03710098448 0)
(-0.1312500015 0.1843749955 0)
(-0.09687500075 0.1843749955 0)
(-0.1656250022 0.1843749955 0)
(-0.1656250022 0.1587499976 0)
(-0.1656250022 0.1331249997 0)
(0.02871986665 0.1667914651 0)
(0.0571422996 0.145187201 0)
(0.02276729885 0.145187201 0)
(0.03467243444 0.1883957293 0)
(0.0002974336967 0.1883957293 0)
(0.06904743519 0.1883957293 0)
(-0.03407756705 0.1883957293 0)
(0.07517788373 0.06191223208 0)
(0.08915125858 0.04210532922 0)
(0.06120450888 0.08171913493 0)
(0.0572459111 0.0596622359 0)
(0.04723113403 0.1015260378 0)
(0.03931393847 0.05741223972 0)
(0.05328731332 0.03760533687 0)
(-0.08306382596 -0.03440615343 0)
(-0.06470133085 -0.02162249002 0)
(-0.06104016583 -0.03046132432 0)
(0.1558188461 0.02965501137 0)
(0.1544637941 -0.005793530494 0)
(0.1391219571 0.02273893543 0)
(-0.1283001537 0.1368505247 0)
(-0.09097530507 0.1405760497 0)
(-0.09392515291 0.1624755226 0)
(-0.05365045648 0.1443015747 0)
(-0.05955015216 0.1881005205 0)
(0.02778858505 -0.1595432088 0)
(0.03420679364 -0.1797716059 0)
(-0.0001682071015 -0.1797716059 0)
(0.2858701646 -0.1456500851 0)
(0.3053677455 -0.1184751261 0)
(0.3007475808 -0.172825044 0)
(0.2663725838 -0.172825044 0)
(0.3351225778 -0.172825044 0)
(0.3627962545 -0.1424537562 0)
(0.3479188383 -0.1152787972 0)
(0.3904699311 -0.1120824683 0)
(0.07488045096 0.03101649787 0)
(0.06060964335 0.01992766652 0)
(0.05694847833 0.02876650169 0)
(0.07349973265 -0.03044459689 0)
(0.05625811499 -0.028480554 0)
(0.05991928279 -0.01964171696 0)
(0.03350241381 -0.08088204451 0)
(0.02117061877 -0.06361044105 0)
(0.03000945403 -0.0599492779 0)
(0.106605337 -0.06882099807 0)
(0.1226375317 -0.07546175271 0)
(0.09285667911 -0.08778972179 0)
(0.2430304922 0.1212625336 0)
(0.2631243877 0.0941413492 0)
(0.2229365967 0.148383718 0)
(0.213279292 0.1138886269 0)
(0.2028427012 0.1755049024 0)
(0.1835280918 0.1065147202 0)
(0.2036219873 0.07939353585 0)
(0.3403404057 0.1316288107 0)
(0.3449619189 0.08037881227 0)
(0.3260593042 0.1045076263 0)
(0.6215180904 -0.1233581707 0)
(0.6066413522 -0.07622666517 0)
(0.6329129189 -0.09384784405 0)
(0.1561002918 -0.1348872706 0)
(0.1671126485 -0.1674436368 0)
(0.1327376477 -0.1674436368 0)
(-0.03418913574 0.08253988624 0)
(-0.03802545552 0.1043015765 0)
(-0.02151398262 0.06443936098 0)
(-0.03035281596 0.06077819597 0)
(-0.01267514928 0.068100526 0)
(-0.08302873839 0.03439165006 0)
(-0.06102261785 0.03045407875 0)
(-0.06468378566 0.02161524549 0)
(1.01625976 0.04472179944 0)
(0.9818847477 0.05881859851 0)
(1.029394507 0.07034679991 0)
(0.262528073 0.04593749344 0)
(0.2619317584 -0.002266362309 0)
(0.2327768728 0.03856358677 0)
(0.03443370204 0.08313030377 0)
(0.03839229981 0.1051872028 0)
(0.03047510426 0.06107340474 0)
(0.02163627004 0.06473456975 0)
(0.01279743583 0.06839573476 0)
(1.887499988 -0.1362201963 0)
(1.868749976 -0.1124403905 0)
(1.918749988 -0.09622019529 0)
(-0.03112771921 0.1664962564 0)
(-0.02817787137 0.1445967834 0)
(-0.002705286257 0.1448919922 0)
(-0.02522802353 0.1226973105 0)
(0.02571714669 0.1232877281 0)
(0.1588103957 0.1410098113 0)
(0.149153091 0.1065147202 0)
(0.1684677005 0.1755049024 0)
(0.1340926997 0.1755049024 0)
(0.09971769899 0.1755049024 0)
(-0.03321657897 -0.08019185904 0)
(-0.02986654368 -0.05960417818 0)
(-0.02102771139 -0.06326534599 0)
(0.0001222827113 0.08649626002 0)
(-0.01255287041 0.1045967853 0)
(0.0129197147 0.104891994 0)
(-0.1656250022 -0.1487499997 0)
(-0.1312500015 -0.1743750013 0)
(-0.1656250022 -0.1743750013 0)
(-0.105240237 -0.09601168707 0)
(-0.1239138618 -0.07936883532 0)
(-0.1430513673 -0.09096017294 0)
(-0.1425874867 -0.06272598356 0)
(-0.1808624975 -0.0859086588 0)
(0.0878125634 0.1322963741 0)
(0.0937651312 0.1539006382 0)
(0.1184828272 0.1194055472 0)
(-0.1617249921 -0.0486923221 0)
(-0.1808624975 -0.03465866065 0)
(-0.1808624975 -0.06028365972 0)
)


// ************************************************************************* //
