/*------------------------------------------------------------------------------------*\
|     __  ______  ____  ______ |                                                       |
|    / / / / __ \/ __ \/ ____/ | HopeFOAM: High Order Parallel Extensible CFD Software |
|   / /_/ / / / / /_/ / __/    |                                                       |
|  / __  / /_/ / ____/ /___    |                                                       |
| /_/ /_/\____/_/   /_____/    | Copyright(c) 2017-2017 The Exercise Group, AMS, China.|
|                              |                                                       |
\*------------------------------------------------------------------------------------*/
FoamFile
{
    version     2.0;
    format      ascii;
    class       labelList;
    note        "nPoints:2028  nCells:1840  nFaces:6534  nInternalFaces:2666";
    location    "constant/polyMesh";
    object      neighbour;
}
// * * * * * * * * * * * * * * * * * * * * * * * * * * * * * * * * * * * * * //


2666
(
2
32
2
8
3
11
33
6
8
6
501
7
9
500
10
10
13
11
12
14
36
14
497
15
37
496
18
111
677
18
24
108
19
27
676
22
24
99
22
96
469
23
25
471
26
26
29
27
28
30
673
30
477
31
479
672
34
544
34
40
35
43
545
38
40
38
629
39
41
628
42
42
45
43
44
46
548
46
625
47
549
624
50
50
56
51
59
54
56
54
559
55
57
556
58
58
61
59
60
62
62
547
63
544
66
112
159
66
72
113
67
75
156
70
72
116
70
117
223
71
73
221
74
74
77
75
76
78
147
78
215
79
144
213
82
597
82
88
83
91
596
86
88
86
639
87
89
636
90
90
93
91
92
94
593
94
627
95
592
624
98
98
104
99
107
102
104
102
277
103
105
276
106
106
109
107
108
110
110
273
111
272
114
479
114
120
115
123
476
118
120
118
405
119
121
404
122
122
125
123
124
126
467
126
401
127
400
464
130
959
1024
130
136
1025
131
139
956
134
136
1028
134
1029
1535
135
137
1533
138
138
141
139
140
142
947
142
1527
143
944
1525
146
146
152
147
155
150
152
150
448
151
153
449
154
154
157
155
156
158
158
452
159
453
162
272
1152
162
168
1153
163
171
275
166
168
1156
166
1157
1168
167
169
1169
170
170
173
171
172
174
284
174
1172
175
287
1173
178
741
1792
178
184
1793
179
187
740
182
184
1796
182
912
1797
183
185
913
186
186
189
187
188
190
737
190
916
191
736
917
194
533
194
200
195
203
532
198
200
198
560
199
201
561
202
202
205
203
204
206
529
206
564
207
528
565
210
560
210
216
211
219
563
214
216
214
215
217
218
218
221
219
220
222
572
222
223
575
226
613
226
232
227
235
612
230
232
230
1184
231
233
1185
234
234
237
235
236
238
609
238
1188
239
608
1189
242
1727
1728
242
248
1729
243
251
1724
246
248
1732
246
784
1733
247
249
785
250
250
253
251
252
254
1715
254
788
255
789
1712
258
1151
1173
258
264
1175
259
267
1149
262
264
1181
262
1087
1183
263
265
1084
266
266
269
267
268
270
1143
270
1075
271
1072
1141
274
274
280
275
283
278
280
278
1136
279
281
1139
282
282
285
283
284
286
286
1148
287
1151
290
623
693
290
296
620
291
299
692
294
296
611
294
608
704
295
297
705
298
298
301
299
300
302
689
302
708
303
688
709
306
703
306
312
307
315
701
310
312
310
597
311
313
599
314
314
317
315
316
318
695
318
605
319
607
693
322
661
322
328
323
331
660
326
328
326
703
327
329
700
330
330
333
331
332
334
657
334
691
335
656
688
338
448
338
344
339
347
451
342
344
342
661
343
345
663
346
346
349
347
348
350
460
350
669
351
463
671
354
1071
1648
354
360
1649
355
363
1068
358
360
1652
358
383
1653
359
361
381
362
362
365
363
364
366
1059
366
375
367
373
1056
370
1184
370
376
371
379
1187
374
376
374
375
377
378
378
381
379
380
382
1196
382
383
1199
386
645
386
392
387
395
644
390
392
390
613
391
393
615
394
394
397
395
396
398
641
398
621
399
623
640
402
495
402
408
403
411
492
406
408
406
517
407
409
516
410
410
413
411
412
414
483
414
513
415
480
512
418
687
719
418
424
716
419
427
685
422
424
707
422
704
1167
423
425
1164
426
426
429
427
428
430
679
430
1155
431
677
1152
434
639
434
440
435
443
637
438
440
438
533
439
441
535
442
442
445
443
444
446
631
446
541
447
543
629
450
450
456
451
459
454
456
454
672
455
457
675
458
458
461
459
460
462
462
684
463
687
466
466
472
467
475
470
472
470
471
473
474
474
477
475
476
478
478
479
482
482
488
483
491
486
488
486
487
489
490
490
493
491
492
494
494
495
498
543
498
504
499
507
540
502
504
502
576
503
505
579
506
506
509
507
508
510
531
510
588
511
528
591
514
581
514
520
515
523
583
518
520
518
575
519
521
573
522
522
525
523
524
526
589
526
567
527
565
591
530
530
536
531
539
534
536
534
535
537
538
538
541
539
540
542
542
543
546
546
552
547
555
550
552
550
655
551
553
653
554
554
557
555
556
558
558
647
559
645
562
562
568
563
571
566
568
566
567
569
570
570
573
571
572
574
574
575
578
578
584
579
587
582
584
582
583
585
586
586
589
587
588
590
590
591
594
655
594
600
595
603
652
598
600
598
599
601
602
602
605
603
604
606
643
606
607
640
610
610
616
611
619
614
616
614
615
617
618
618
621
619
620
622
622
623
626
626
632
627
635
630
632
630
631
633
634
634
637
635
636
638
638
639
642
642
648
643
651
646
648
646
647
649
650
650
653
651
652
654
654
655
658
709
658
664
659
667
711
662
664
662
663
665
666
666
669
667
668
670
717
670
671
719
674
674
680
675
683
678
680
678
679
681
682
682
685
683
684
686
686
687
690
690
696
691
699
694
696
694
695
697
698
698
701
699
700
702
702
703
706
706
712
707
715
710
712
710
711
713
714
714
717
715
716
718
718
719
722
757
1711
722
728
1708
723
731
756
726
728
1699
726
1392
1696
727
729
1393
730
730
733
731
732
734
753
734
1396
735
752
1397
738
1376
738
744
739
747
1377
742
744
742
869
743
745
868
746
746
749
747
748
750
1380
750
865
751
864
1381
754
1424
754
760
755
763
1425
758
760
758
773
759
761
772
762
762
765
763
764
766
1428
766
769
767
768
1429
770
1440
770
776
771
779
1441
774
776
774
1685
775
777
1684
778
778
781
779
780
782
1444
782
1681
783
1445
1680
786
1088
786
792
787
795
1089
790
792
790
1669
791
793
1671
794
794
797
795
796
798
1092
798
1677
799
1093
1679
802
1301
1744
802
808
1745
803
811
1300
806
808
1748
806
927
1749
807
809
924
810
810
813
811
812
814
1297
814
915
815
912
1296
818
1727
1728
818
824
1725
819
827
1731
822
824
1719
822
1312
1717
823
825
1313
826
826
829
827
828
830
1740
830
1316
831
1317
1743
834
1104
1125
834
840
1105
835
843
1124
838
840
1108
838
1103
1109
839
841
1100
842
842
845
843
844
846
1121
846
1091
847
1088
1120
850
943
1333
850
856
941
851
859
1332
854
856
935
854
933
1439
855
857
1436
858
858
861
859
860
862
1329
862
1427
863
1328
1424
866
1333
866
872
867
875
1335
870
872
870
1781
871
873
1780
874
874
877
875
876
878
1341
878
1777
879
1343
1776
882
1055
1125
882
888
1127
883
891
1053
886
888
1133
886
1135
1279
887
889
1276
890
890
893
891
892
894
1047
894
1267
895
1045
1264
898
1215
1296
898
904
1212
899
907
1299
902
904
1203
902
1200
1269
903
905
1271
906
906
909
907
908
910
1308
910
1277
911
1279
1311
914
914
920
915
923
918
920
918
1376
919
921
1379
922
922
925
923
924
926
926
1388
927
1391
930
1365
930
936
931
939
1367
934
936
934
935
937
938
938
941
939
940
942
1373
942
943
1375
946
946
952
947
955
950
952
950
951
953
954
954
957
955
956
958
958
959
962
1557
962
968
963
971
1559
966
968
966
1536
967
969
1539
970
970
973
971
972
974
1565
974
1548
975
1551
1567
978
1221
978
984
979
987
1223
982
984
982
1455
983
985
1452
986
986
989
987
988
990
1229
990
1443
991
1231
1440
994
1823
1829
994
1000
1820
995
1003
1828
998
1000
1811
998
1568
1808
999
1001
1569
1002
1002
1005
1003
1004
1006
1825
1006
1572
1007
1573
1824
1010
1509
1647
1010
1016
1644
1011
1019
1508
1014
1016
1635
1014
1632
1695
1015
1017
1692
1018
1018
1021
1019
1020
1022
1505
1022
1683
1023
1504
1680
1026
1839
1026
1032
1027
1035
1836
1030
1032
1030
1589
1031
1033
1588
1034
1034
1037
1035
1036
1038
1827
1038
1585
1039
1584
1824
1042
1119
1042
1048
1043
1051
1116
1046
1048
1046
1047
1049
1050
1050
1053
1051
1052
1054
1107
1054
1055
1104
1058
1058
1064
1059
1067
1062
1064
1062
1664
1063
1065
1667
1066
1066
1069
1067
1068
1070
1070
1676
1071
1679
1074
1074
1080
1075
1083
1078
1080
1078
1119
1079
1081
1117
1082
1082
1085
1083
1084
1086
1086
1111
1087
1109
1090
1090
1096
1091
1099
1094
1096
1094
1648
1095
1097
1651
1098
1098
1101
1099
1100
1102
1102
1660
1103
1663
1106
1106
1112
1107
1115
1110
1112
1110
1111
1113
1114
1114
1117
1115
1116
1118
1118
1119
1122
1733
1122
1128
1123
1131
1735
1126
1128
1126
1127
1129
1130
1130
1133
1131
1132
1134
1741
1134
1135
1743
1138
1138
1144
1139
1147
1142
1144
1142
1143
1145
1146
1146
1149
1147
1148
1150
1150
1151
1154
1154
1160
1155
1163
1158
1160
1158
1199
1159
1161
1197
1162
1162
1165
1163
1164
1166
1166
1191
1167
1189
1170
1653
1170
1176
1171
1179
1655
1174
1176
1174
1175
1177
1178
1178
1181
1179
1180
1182
1661
1182
1183
1663
1186
1186
1192
1187
1195
1190
1192
1190
1191
1193
1194
1194
1197
1195
1196
1198
1198
1199
1202
1202
1208
1203
1211
1206
1208
1206
1280
1207
1209
1283
1210
1210
1213
1211
1212
1214
1214
1292
1215
1295
1218
1439
1218
1224
1219
1227
1437
1222
1224
1222
1223
1225
1226
1226
1229
1227
1228
1230
1431
1230
1231
1429
1234
1791
1234
1240
1235
1243
1788
1238
1240
1238
1392
1239
1241
1395
1242
1242
1245
1243
1244
1246
1779
1246
1404
1247
1407
1776
1250
1312
1250
1256
1251
1259
1315
1254
1256
1254
1759
1255
1257
1756
1258
1258
1261
1259
1260
1262
1324
1262
1747
1263
1327
1744
1266
1266
1272
1267
1275
1270
1272
1270
1271
1273
1274
1274
1277
1275
1276
1278
1278
1279
1282
1282
1288
1283
1291
1286
1288
1286
1807
1287
1289
1805
1290
1290
1293
1291
1292
1294
1294
1799
1295
1797
1298
1298
1304
1299
1307
1302
1304
1302
1327
1303
1305
1325
1306
1306
1309
1307
1308
1310
1310
1319
1311
1317
1314
1314
1320
1315
1323
1318
1320
1318
1319
1321
1322
1322
1325
1323
1324
1326
1326
1327
1330
1397
1330
1336
1331
1339
1399
1334
1336
1334
1335
1337
1338
1338
1341
1339
1340
1342
1405
1342
1343
1407
1346
1759
1346
1352
1347
1355
1757
1350
1352
1350
1760
1351
1353
1761
1354
1354
1357
1355
1356
1358
1751
1358
1764
1359
1749
1765
1362
1760
1362
1368
1363
1371
1763
1366
1368
1366
1367
1369
1370
1370
1373
1371
1372
1374
1772
1374
1375
1775
1378
1378
1384
1379
1387
1382
1384
1382
1775
1383
1385
1773
1386
1386
1389
1387
1388
1390
1390
1767
1391
1765
1394
1394
1400
1395
1403
1398
1400
1398
1399
1401
1402
1402
1405
1403
1404
1406
1406
1407
1410
1807
1410
1416
1411
1419
1804
1414
1416
1414
1791
1415
1417
1789
1418
1418
1421
1419
1420
1422
1795
1422
1783
1423
1781
1792
1426
1426
1432
1427
1435
1430
1432
1430
1431
1433
1434
1434
1437
1435
1436
1438
1438
1439
1442
1442
1448
1443
1451
1446
1448
1446
1605
1447
1449
1604
1450
1450
1453
1451
1452
1454
1454
1601
1455
1600
1458
1487
1599
1458
1464
1485
1459
1467
1597
1462
1464
1479
1462
1477
1520
1463
1465
1523
1466
1466
1469
1467
1468
1470
1591
1470
1532
1471
1535
1589
1474
1600
1474
1480
1475
1483
1603
1478
1480
1478
1479
1481
1482
1482
1485
1483
1484
1486
1612
1486
1487
1615
1490
1701
1490
1496
1491
1499
1703
1494
1496
1494
1695
1495
1497
1693
1498
1498
1501
1499
1500
1502
1709
1502
1687
1503
1685
1711
1506
1605
1506
1512
1507
1515
1607
1510
1512
1510
1621
1511
1513
1620
1514
1514
1517
1515
1516
1518
1613
1518
1617
1519
1615
1616
1522
1522
1528
1523
1531
1526
1528
1526
1527
1529
1530
1530
1533
1531
1532
1534
1534
1535
1538
1538
1544
1539
1547
1542
1544
1542
1839
1543
1545
1837
1546
1546
1549
1547
1548
1550
1550
1831
1551
1829
1554
1813
1554
1560
1555
1563
1815
1558
1560
1558
1559
1561
1562
1562
1565
1563
1564
1566
1821
1566
1567
1823
1570
1637
1570
1576
1571
1579
1639
1574
1576
1574
1631
1575
1577
1629
1578
1578
1581
1579
1580
1582
1645
1582
1623
1583
1621
1647
1586
1631
1586
1592
1587
1595
1628
1590
1592
1590
1591
1593
1594
1594
1597
1595
1596
1598
1619
1598
1599
1616
1602
1602
1608
1603
1611
1606
1608
1606
1607
1609
1610
1610
1613
1611
1612
1614
1614
1615
1618
1618
1624
1619
1627
1622
1624
1622
1623
1625
1626
1626
1629
1627
1628
1630
1630
1631
1634
1634
1640
1635
1643
1638
1640
1638
1639
1641
1642
1642
1645
1643
1644
1646
1646
1647
1650
1650
1656
1651
1659
1654
1656
1654
1655
1657
1658
1658
1661
1659
1660
1662
1662
1663
1666
1666
1672
1667
1675
1670
1672
1670
1671
1673
1674
1674
1677
1675
1676
1678
1678
1679
1682
1682
1688
1683
1691
1686
1688
1686
1687
1689
1690
1690
1693
1691
1692
1694
1694
1695
1698
1698
1704
1699
1707
1702
1704
1702
1703
1705
1706
1706
1709
1707
1708
1710
1710
1711
1714
1714
1720
1715
1723
1718
1720
1718
1719
1721
1722
1722
1725
1723
1724
1726
1726
1727
1730
1730
1736
1731
1739
1734
1736
1734
1735
1737
1738
1738
1741
1739
1740
1742
1742
1743
1746
1746
1752
1747
1755
1750
1752
1750
1751
1753
1754
1754
1757
1755
1756
1758
1758
1759
1762
1762
1768
1763
1771
1766
1768
1766
1767
1769
1770
1770
1773
1771
1772
1774
1774
1775
1778
1778
1784
1779
1787
1782
1784
1782
1783
1785
1786
1786
1789
1787
1788
1790
1790
1791
1794
1794
1800
1795
1803
1798
1800
1798
1799
1801
1802
1802
1805
1803
1804
1806
1806
1807
1810
1810
1816
1811
1819
1814
1816
1814
1815
1817
1818
1818
1821
1819
1820
1822
1822
1823
1826
1826
1832
1827
1835
1830
1832
1830
1831
1833
1834
1834
1837
1835
1836
1838
1838
1839
)


// ************************************************************************* //
